Municipio,Urbana,Rural,Total
110001 Alta Floresta D'Oeste,13970,10422,24392
110037 Alto Alegre dos Parecis,3657,9159,12816
110040 Alto Paraíso,8202,8933,17135
110034 Alvorada D'Oeste,8824,8029,16853
110002 Ariquemes,76525,13828,90353
110045 Buritis,18122,14261,32383
110003 Cabixi,2693,3620,6313
110060 Cacaulândia,2069,3667,5736
110004 Cacoal,61921,16653,78574
110070 Campo Novo de Rondônia,3371,9294,12665
110080 Candeias do Jamari,12887,6892,19779
110090 Castanheiras,836,2739,3575
110005 Cerejeiras,14419,2610,17029
110092 Chupinguaia,3663,4638,8301
110006 Colorado do Oeste,13657,4934,18591
110007 Corumbiara,2590,6193,8783
110008 Costa Marques,7497,6181,13678
110094 Cujubim,11043,4811,15854
110009 Espigão D'Oeste,20610,8119,28729
110100 Governador Jorge Teixeira,2361,8151,10512
110010 Guajará-Mirim,35207,6449,41656
110110 Itapuã do Oeste,5222,3344,8566
110011 Jaru,35118,16887,52005
110012 Ji-Paraná,104858,11752,116610
110013 Machadinho D'Oeste,16173,14962,31135
110120 Ministro Andreazza,3074,7278,10352
110130 Mirante da Serra,6444,5434,11878
110140 Monte Negro,7390,6701,14091
110014 Nova Brasilândia D'Oeste,8380,11494,19874
110033 Nova Mamoré,13067,9479,22546
110143 Nova União,1541,5952,7493
110050 Novo Horizonte do Oeste,1733,8507,10240
110015 Ouro Preto do Oeste,28180,9748,37928
110145 Parecis,1774,3036,4810
110018 Pimenta Bueno,29417,4405,33822
110146 Pimenteiras do Oeste,1292,1023,2315
110020 Porto Velho,390733,37794,428527
110025 Presidente Médici,13303,9016,22319
110147 Primavera de Rondônia,1284,2240,3524
110026 Rio Crespo,1064,2252,3316
110028 Rolim de Moura,41429,9219,50648
110029 Santa Luzia D'Oeste,4525,4361,8886
110148 São Felipe D'Oeste,1444,4574,6018
110149 São Francisco do Guaporé,8227,7808,16035
110032 São Miguel do Guaporé,8470,13358,21828
110150 Seringueiras,4397,7232,11629
110155 Teixeirópolis,1716,3172,4888
110160 Theobroma,1978,8671,10649
110170 Urupá,5137,7837,12974
110175 Vale do Anari,3192,6192,9384
110180 Vale do Paraíso,2276,5934,8210
110030 Vilhena,72218,3984,76202
120001 Acrelândia,5916,6622,12538
120005 Assis Brasil,3700,2372,6072
120010 Brasiléia,14257,7141,21398
120013 Bujari,3693,4778,8471
120017 Capixaba,3929,4869,8798
120020 Cruzeiro do Sul,55326,23181,78507
120025 Epitaciolândia,10618,4482,15100
120030 Feijó,16636,15776,32412
120032 Jordão,2272,4305,6577
120033 Mâncio Lima,8750,6456,15206
120034 Manoel Urbano,5278,2703,7981
120035 Marechal Thaumaturgo,3969,10258,14227
120038 Plácido de Castro,10382,6827,17209
120080 Porto Acre,1982,12898,14880
120039 Porto Walter,3323,5853,9176
120040 Rio Branco,308545,27493,336038
120042 Rodrigues Alves,4315,10074,14389
120043 Santa Rosa do Purus,1892,2799,4691
120050 Sena Madureira,25112,12917,38029
120045 Senador Guiomard,12703,7476,20179
120060 Tarauacá,19351,16239,35590
120070 Xapuri,10330,5761,16091
130002 Alvarães,7887,6201,14088
130006 Amaturá,4960,4507,9467
130008 Anamã,4174,6040,10214
130010 Anori,10000,6317,16317
130014 Apuí,10595,7412,18007
130020 Atalaia do Norte,6893,8260,15153
130030 Autazes,13893,18242,32135
130040 Barcelos,11157,14561,25718
130050 Barreirinha,12418,14937,27355
130060 Benjamin Constant,20138,13273,33411
130063 Beruri,7778,7708,15486
130068 Boa Vista do Ramos,7550,7429,14979
130070 Boca do Acre,19348,11284,30632
130080 Borba,14434,20527,34961
130083 Caapiranga,5140,5835,10975
130090 Canutama,6682,6056,12738
130100 Carauari,19744,6030,25774
130110 Careiro,9437,23297,32734
130115 Careiro da Várzea,1000,22930,23930
130120 Coari,49651,26314,75965
130130 Codajás,15806,7400,23206
130140 Eirunepé,22166,8499,30665
130150 Envira,10552,5786,16338
130160 Fonte Boa,15115,7702,22817
130165 Guajará,7427,6547,13974
130170 Humaitá,30501,13726,44227
130180 Ipixuna,9499,12755,22254
130185 Iranduba,28979,11802,40781
130190 Itacoatiara,58157,28682,86839
130195 Itamarati,4472,3566,8038
130200 Itapiranga,6451,1760,8211
130210 Japurá,3298,4028,7326
130220 Juruá,5686,5116,10802
130230 Jutaí,10552,7440,17992
130240 Lábrea,24207,13494,37701
130250 Manacapuru,60174,24967,85141
130255 Manaquiri,7062,15739,22801
130260 Manaus,1792881,9133,1802014
130270 Manicoré,20349,26668,47017
130280 Maraã,8753,8775,17528
130290 Maués,25832,26404,52236
130300 Nhamundá,7010,11268,18278
130310 Nova Olinda do Norte,13626,17070,30696
130320 Novo Airão,9499,5224,14723
130330 Novo Aripuanã,14074,7377,21451
130340 Parintins,69890,32143,102033
130350 Pauini,9264,8902,18166
130353 Presidente Figueiredo,13001,14174,27175
130356 Rio Preto da Eva,12205,13514,25719
130360 Santa Isabel do Rio Negro,6856,11290,18146
130370 Santo Antônio do Içá,12947,11534,24481
130380 São Gabriel da Cachoeira,19054,18842,37896
130390 São Paulo de Olivença,14263,17159,31422
130395 São Sebastião do Uatumã,5904,4801,10705
130400 Silves,4029,4415,8444
130406 Tabatinga,36355,15917,52272
130410 Tapauá,10618,8459,19077
130420 Tefé,50069,11384,61453
130423 Tonantins,8899,8180,17079
130426 Uarini,6795,5096,11891
130430 Urucará,9886,7208,17094
130440 Urucurituba,10448,7389,17837
140005 Alto Alegre,4780,11668,16448
140002 Amajari,1219,8108,9327
140010 Boa Vista,277799,6514,284313
140015 Bonfim,3711,7232,10943
140017 Cantá,2257,11645,13902
140020 Caracaraí,10910,7488,18398
140023 Caroebe,3324,4790,8114
140028 Iracema,4078,4618,8696
140030 Mucajaí,8935,5857,14792
140040 Normandia,2311,6629,8940
140045 Pacaraima,4514,5919,10433
140047 Rorainópolis,10673,13606,24279
140050 São João da Baliza,4755,2014,6769
140060 São Luiz,4455,2295,6750
140070 Uiramutã,1138,7237,8375
150010 Abaetetuba,82998,58102,141100
150013 Abel Figueiredo,6034,746,6780
150020 Acará,12621,40948,53569
150030 Afuá,9478,25564,35042
150034 Água Azul do Norte,4876,20181,25057
150040 Alenquer,27722,24904,52626
150050 Almeirim,19965,13649,33614
150060 Altamira,84092,14983,99075
150070 Anajás,9494,15265,24759
150080 Ananindeua,470819,1161,471980
150085 Anapu,9833,10710,20543
150090 Augusto Corrêa,18240,22257,40497
150095 Aurora do Pará,8168,18378,26546
150100 Aveiro,3179,12670,15849
150110 Bagre,10661,13203,23864
150120 Baião,18555,18327,36882
150125 Bannach,1282,2149,3431
150130 Barcarena,36297,63562,99859
150140 Belém,1381475,11924,1393399
150145 Belterra,6852,9466,16318
150150 Benevides,28912,22739,51651
150157 Bom Jesus do Tocantins,8158,7140,15298
150160 Bonito,3827,9803,13630
150170 Bragança,72621,40606,113227
150172 Brasil Novo,6899,8791,15690
150175 Brejo Grande do Araguaia,4308,3009,7317
150178 Breu Branco,29308,23185,52493
150180 Breves,46560,46300,92860
150190 Bujaru,8099,17596,25695
150200 Cachoeira do Arari,7356,13087,20443
150195 Cachoeira do Piriá,5532,20952,26484
150210 Cametá,52838,68058,120896
150215 Canaã dos Carajás,20727,5989,26716
150220 Capanema,50732,12907,63639
150230 Capitão Poço,21441,30452,51893
150240 Castanhal,153378,19771,173149
150250 Chaves,2510,18495,21005
150260 Colares,3661,7720,11381
150270 Conceição do Araguaia,32464,13093,45557
150275 Concórdia do Pará,15088,13128,28216
150276 Cumaru do Norte,2711,7755,10466
150277 Curionópolis,12530,5758,18288
150280 Curralinho,10930,17619,28549
150285 Curuá,5781,6473,12254
150290 Curuçá,12174,22120,34294
150293 Dom Eliseu,32516,18803,51319
150295 Eldorado do Carajás,16578,15208,31786
150300 Faro,6128,2049,8177
150304 Floresta do Araguaia,8714,9054,17768
150307 Garrafão do Norte,8607,16427,25034
150309 Goianésia do Pará,21082,9354,30436
150310 Gurupá,9580,19482,29062
150320 Igarapé-Açu,21207,14680,35887
150330 Igarapé-Miri,26205,31872,58077
150340 Inhangapi,2771,7266,10037
150345 Ipixuna do Pará,12227,39082,51309
150350 Irituia,6524,24840,31364
150360 Itaituba,70682,26811,97493
150370 Itupiranga,20490,30730,51220
150375 Jacareacanga,4930,9173,14103
150380 Jacundá,45683,5677,51360
150390 Juruti,15852,31234,47086
150400 Limoeiro do Ajuru,6197,18824,25021
150405 Mãe do Rio,23052,4852,27904
150410 Magalhães Barata,3795,4320,8115
150420 Marabá,186270,47399,233669
150430 Maracanã,11656,16720,28376
150440 Marapanim,11704,14901,26605
150442 Marituba,107123,1123,108246
150445 Medicilândia,9559,17769,27328
150450 Melgaço,5503,19305,24808
150460 Mocajuba,18279,8452,26731
150470 Moju,25162,44856,70018
150480 Monte Alegre,24565,30897,55462
150490 Muaná,14521,19683,34204
150495 Nova Esperança do Piriá,7964,12194,20158
150497 Nova Ipixuna,7726,6919,14645
150500 Nova Timboteua,5520,8150,13670
150503 Novo Progresso,17717,7407,25124
150506 Novo Repartimento,27950,34100,62050
150510 Óbidos,25466,23867,49333
150520 Oeiras do Pará,11432,17163,28595
150530 Oriximiná,40147,22647,62794
150540 Ourém,7438,8873,16311
150543 Ourilândia do Norte,19913,7446,27359
150548 Pacajá,13747,26232,39979
150549 Palestina do Pará,4546,2929,7475
150550 Paragominas,76511,21308,97819
150553 Parauapebas,138690,15218,153908
150555 Pau D'Arco,3641,2392,6033
150560 Peixe-Boi,4169,3685,7854
150563 Piçarra,3581,9116,12697
150565 Placas,4854,19080,23934
150570 Ponta de Pedras,12424,13575,25999
150580 Portel,24852,27320,52172
150590 Porto de Moz,14583,19373,33956
150600 Prainha,8959,20390,29349
150610 Primavera,6391,3877,10268
150611 Quatipuru,5313,7098,12411
150613 Redenção,70065,5491,75556
150616 Rio Maria,13512,4185,17697
150618 Rondon do Pará,34696,12268,46964
150619 Rurópolis,15273,24814,40087
150620 Salinópolis,33391,4030,37421
150630 Salvaterra,12672,7511,20183
150635 Santa Bárbara do Pará,5458,11683,17141
150640 Santa Cruz do Arari,3994,4161,8155
150650 Santa Izabel do Pará,43000,16466,59466
150655 Santa Luzia do Pará,8693,10731,19424
150658 Santa Maria das Barreiras,6357,10849,17206
150660 Santa Maria do Pará,13328,9698,23026
150670 Santana do Araguaia,29663,26490,56153
150680 Santarém,215790,78790,294580
150690 Santarém Novo,1809,4332,6141
150700 Santo Antônio do Tauá,14871,11803,26674
150710 São Caetano de Odivelas,6958,9933,16891
150715 São Domingos do Araguaia,15254,7876,23130
150720 São Domingos do Capim,6589,23257,29846
150730 São Félix do Xingu,45113,46227,91340
150740 São Francisco do Pará,5113,9947,15060
150745 São Geraldo do Araguaia,13590,11997,25587
150746 São João da Ponta,1031,4234,5265
150747 São João de Pirabas,10487,10160,20647
150750 São João do Araguaia,2586,10569,13155
150760 São Miguel do Guamá,31884,19683,51567
150770 São Sebastião da Boa Vista,9902,13002,22904
150775 Sapucaia,3325,1722,5047
150780 Senador José Porfírio,6470,6575,13045
150790 Soure,21015,1986,23001
150795 Tailândia,58713,20584,79297
150796 Terra Alta,4334,5928,10262
150797 Terra Santa,10335,6614,16949
150800 Tomé-Açu,31563,24955,56518
150803 Tracuateua,7256,20199,27455
150805 Trairão,5679,11196,16875
150808 Tucumã,26907,6783,33690
150810 Tucuruí,92442,4686,97128
150812 Ulianópolis,28525,14816,43341
150815 Uruará,24430,20359,44789
150820 Vigia,32353,15536,47889
150830 Viseu,18397,38319,56716
150835 Vitória do Xingu,5362,8069,13431
150840 Xinguara,31492,9081,40573
160010 Amapá,6959,1110,8069
160020 Calçoene,7307,1693,9000
160021 Cutias,2442,2254,4696
160023 Ferreira Gomes,4175,1627,5802
160025 Itaubal,1754,2511,4265
160027 Laranjal do Jari,37904,2038,39942
160030 Macapá,381214,16990,398204
160040 Mazagão,8272,8760,17032
160050 Oiapoque,13852,6657,20509
160015 Pedra Branca do Amapari,5963,4809,10772
160053 Porto Grande,10809,6000,16809
160055 Pracuúba,1881,1912,3793
160060 Santana,99111,2151,101262
160005 Serra do Navio,2575,1805,4380
160070 Tartarugalzinho,6516,6047,12563
160080 Vitória do Jari,10302,2126,12428
170025 Abreulândia,1476,915,2391
170030 Aguiarnópolis,4142,1020,5162
170035 Aliança do Tocantins,4756,915,5671
170040 Almas,6009,1577,7586
170070 Alvorada,7765,609,8374
170100 Ananás,8144,1721,9865
170105 Angico,1938,1237,3175
170110 Aparecida do Rio Negro,3313,900,4213
170130 Aragominas,2230,3652,5882
170190 Araguacema,2925,3392,6317
170200 Araguaçu,5882,2904,8786
170210 Araguaína,142925,7559,150484
170215 Araguanã,3386,1644,5030
170220 Araguatins,20135,11194,31329
170230 Arapoema,5455,1287,6742
170240 Arraias,7371,3274,10645
170255 Augustinópolis,13176,2774,15950
170270 Aurora do Tocantins,2482,964,3446
170290 Axixá do Tocantins,7621,1654,9275
170300 Babaçulândia,4929,5495,10424
170305 Bandeirantes do Tocantins,1685,1437,3122
170307 Barra do Ouro,2186,1937,4123
170310 Barrolândia,4479,870,5349
170320 Bernardo Sayão,2187,2269,4456
170330 Bom Jesus do Tocantins,2826,942,3768
170360 Brasilândia do Tocantins,1436,628,2064
170370 Brejinho de Nazaré,4195,990,5185
170380 Buriti do Tocantins,7454,2314,9768
170382 Cachoeirinha,1731,417,2148
170384 Campos Lindos,4819,3320,8139
170386 Cariri do Tocantins,2093,1663,3756
170388 Carmolândia,1824,492,2316
170389 Carrasco Bonito,1967,1721,3688
170390 Caseara,2737,1864,4601
170410 Centenário,1504,1062,2566
170510 Chapada da Natividade,1656,1621,3277
170460 Chapada de Areia,749,586,1335
170550 Colinas do Tocantins,29607,1231,30838
171670 Colméia,6370,2241,8611
170555 Combinado,4000,669,4669
170560 Conceição do Tocantins,2911,1271,4182
170600 Couto Magalhães,1884,3125,5009
170610 Cristalândia,5924,1310,7234
170625 Crixás do Tocantins,872,692,1564
170650 Darcinópolis,3489,1784,5273
170700 Dianópolis,16444,2668,19112
170710 Divinópolis do Tocantins,4466,1897,6363
170720 Dois Irmãos do Tocantins,2777,4384,7161
170730 Dueré,3055,1537,4592
170740 Esperantina,4614,4862,9476
170755 Fátima,3135,670,3805
170765 Figueirópolis,4054,1286,5340
170770 Filadélfia,5538,2967,8505
170820 Formoso do Araguaia,13333,5094,18427
170825 Fortaleza do Tabocão,1968,451,2419
170830 Goianorte,2760,2196,4956
170900 Goiatins,4949,7115,12064
170930 Guaraí,21128,2072,23200
170950 Gurupi,75000,1755,76755
170980 Ipueiras,958,681,1639
171050 Itacajá,4273,2831,7104
171070 Itaguatins,3396,2633,6029
171090 Itapiratins,1914,1618,3532
171110 Itaporã do Tocantins,1563,882,2445
171150 Jaú do Tocantins,1310,2197,3507
171180 Juarina,1033,1198,2231
171190 Lagoa da Confusão,6332,3878,10210
171195 Lagoa do Tocantins,2538,987,3525
171200 Lajeado,2166,607,2773
171215 Lavandeira,1023,582,1605
171240 Lizarda,2583,1142,3725
171245 Luzinópolis,1675,947,2622
171250 Marianópolis do Tocantins,2383,1969,4352
171270 Mateiros,1417,806,2223
171280 Maurilândia do Tocantins,2017,1137,3154
171320 Miracema do Tocantins,17937,2747,20684
171330 Miranorte,11036,1587,12623
171360 Monte do Carmo,2881,3835,6716
171370 Monte Santo do Tocantins,450,1635,2085
171395 Muricilândia,1800,1352,3152
171420 Natividade,7195,1805,9000
171430 Nazaré,1991,2395,4386
171488 Nova Olinda,7465,3221,10686
171500 Nova Rosalândia,2468,1302,3770
171510 Novo Acordo,3083,679,3762
171515 Novo Alegre,1699,587,2286
171525 Novo Jardim,1776,681,2457
171550 Oliveira de Fátima,817,220,1037
172100 Palmas,221742,6590,228332
171570 Palmeirante,1926,3028,4954
171380 Palmeiras do Tocantins,3232,2508,5740
171575 Palmeirópolis,5981,1358,7339
171610 Paraíso do Tocantins,42473,1944,44417
171620 Paranã,4720,5618,10338
171630 Pau D'Arco,2900,1688,4588
171650 Pedro Afonso,10016,1523,11539
171660 Peixe,5235,5149,10384
171665 Pequizeiro,2390,2664,5054
171700 Pindorama do Tocantins,2947,1559,4506
171720 Piraquê,1122,1798,2920
171750 Pium,3779,2915,6694
171780 Ponte Alta do Bom Jesus,2501,2043,4544
171790 Ponte Alta do Tocantins,4527,2653,7180
171800 Porto Alegre do Tocantins,1919,877,2796
171820 Porto Nacional,42435,6711,49146
171830 Praia Norte,4468,3191,7659
171840 Presidente Kennedy,3227,454,3681
171845 Pugmil,2004,365,2369
171850 Recursolândia,1990,1778,3768
171855 Riachinho,1812,2379,4191
171865 Rio da Conceição,1574,140,1714
171870 Rio dos Bois,1029,1541,2570
171875 Rio Sono,2407,3847,6254
171880 Sampaio,3516,348,3864
171884 Sandolândia,1764,1562,3326
171886 Santa Fé do Araguaia,4374,2225,6599
171888 Santa Maria do Tocantins,1725,1169,2894
171889 Santa Rita do Tocantins,918,1210,2128
171890 Santa Rosa do Tocantins,2947,1621,4568
171900 Santa Tereza do Tocantins,1616,907,2523
172000 Santa Terezinha do Tocantins,1594,880,2474
172010 São Bento do Tocantins,2716,1892,4608
172015 São Félix do Tocantins,931,506,1437
172020 São Miguel do Tocantins,2547,7934,10481
172025 São Salvador do Tocantins,1588,1322,2910
172030 São Sebastião do Tocantins,3283,1000,4283
172049 São Valério,2723,1660,4383
172065 Silvanópolis,4061,1007,5068
172080 Sítio Novo do Tocantins,4875,4273,9148
172085 Sucupira,1106,636,1742
172090 Taguatinga,10627,4424,15051
172093 Taipas do Tocantins,1557,388,1945
172097 Talismã,1363,1199,2562
172110 Tocantínia,2955,3781,6736
172120 Tocantinópolis,18318,4301,22619
172125 Tupirama,930,644,1574
172130 Tupiratins,1065,1032,2097
172208 Wanderlândia,5868,5113,10981
172210 Xambioá,9738,1746,11484
210005 Açailândia,78237,25810,104047
210010 Afonso Cunha,3234,2671,5905
210015 Água Doce do Maranhão,3133,8448,11581
210020 Alcântara,6399,15452,21851
210030 Aldeias Altas,13634,10318,23952
210040 Altamira do Maranhão,3154,7909,11063
210043 Alto Alegre do Maranhão,19374,5225,24599
210047 Alto Alegre do Pindaré,9829,21228,31057
210050 Alto Parnaíba,7028,3738,10766
210055 Amapá do Maranhão,4841,1590,6431
210060 Amarante do Maranhão,15004,22928,37932
210070 Anajatuba,7015,18276,25291
210080 Anapurus,7164,6775,13939
210083 Apicum-Açu,9162,5797,14959
210087 Araguanã,5377,8596,13973
210090 Araioses,12045,30460,42505
210095 Arame,12551,19151,31702
210100 Arari,17483,11005,28488
210110 Axixá,4703,6704,11407
210120 Bacabal,77860,22154,100014
210125 Bacabeira,3324,11601,14925
210130 Bacuri,8686,7918,16604
210135 Bacurituba,1424,3869,5293
210140 Balsas,72771,10757,83528
210150 Barão de Grajaú,10338,7503,17841
210160 Barra do Corda,51648,31182,82830
210170 Barreirinhas,22053,32877,54930
210177 Bela Vista do Maranhão,5170,6879,12049
210173 Belágua,3263,3261,6524
210180 Benedito Leite,2813,2656,5469
210190 Bequimão,6606,13738,20344
210193 Bernardo do Mearim,2324,3672,5996
210197 Boa Vista do Gurupi,5619,2330,7949
210200 Bom Jardim,16386,22663,39049
210203 Bom Jesus das Selvas,13431,15028,28459
210207 Bom Lugar,4181,10637,14818
210210 Brejo,12340,21019,33359
210215 Brejo de Areia,2853,2724,5577
210220 Buriti,8399,18614,27013
210230 Buriti Bravo,17014,5885,22899
210232 Buriticupu,35789,29448,65237
210235 Buritirana,4146,10638,14784
210237 Cachoeira Grande,3792,4654,8446
210240 Cajapió,3885,6708,10593
210250 Cajari,4284,14054,18338
210255 Campestre do Maranhão,10621,2748,13369
210260 Cândido Mendes,11911,6594,18505
210270 Cantanhede,12959,7489,20448
210275 Capinzal do Norte,5610,5088,10698
210280 Carolina,16237,7722,23959
210290 Carutapera,16224,5782,22006
210300 Caxias,118534,36595,155129
210310 Cedral,2397,7900,10297
210312 Central do Maranhão,4086,3801,7887
210315 Centro do Guilherme,7072,5493,12565
210317 Centro Novo do Maranhão,5522,12100,17622
210320 Chapadinha,52882,20468,73350
210325 Cidelândia,6036,7645,13681
210330 Codó,81045,36993,118038
210340 Coelho Neto,38729,8021,46750
210350 Colinas,25575,13557,39132
210355 Conceição do Lago-Açu,6869,7567,14436
210360 Coroatá,43057,18668,61725
210370 Cururupu,22270,10382,32652
210375 Davinópolis,10487,2092,12579
210380 Dom Pedro,15261,7420,22681
210390 Duque Bacelar,5340,5309,10649
210400 Esperantinópolis,10035,8417,18452
210405 Estreito,25778,10057,35835
210407 Feira Nova do Maranhão,1927,6199,8126
210408 Fernando Falcão,1506,7735,9241
210409 Formosa da Serra Negra,5915,11842,17757
210410 Fortaleza dos Nogueiras,7019,4627,11646
210420 Fortuna,9504,5594,15098
210430 Godofredo Viana,6723,3912,10635
210440 Gonçalves Dias,7770,9712,17482
210450 Governador Archer,6630,3575,10205
210455 Governador Edison Lobão,6957,8938,15895
210460 Governador Eugênio Barros,4690,11301,15991
210462 Governador Luiz Rocha,5187,2150,7337
210465 Governador Newton Bello,4291,7630,11921
210467 Governador Nunes Freire,15945,9456,25401
210470 Graça Aranha,2912,3228,6140
210480 Grajaú,37041,25052,62093
210490 Guimarães,6909,5172,12081
210500 Humberto de Campos,10506,15683,26189
210510 Icatu,7816,17329,25145
210515 Igarapé do Meio,6207,6343,12550
210520 Igarapé Grande,6664,4377,11041
210530 Imperatriz,234547,12958,247505
210535 Itaipava do Grajaú,4296,10001,14297
210540 Itapecuru Mirim,34668,27442,62110
210542 Itinga do Maranhão,17640,7223,24863
210545 Jatobá,3740,4786,8526
210547 Jenipapo dos Vieiras,2519,12921,15440
210550 João Lisboa,15336,5045,20381
210560 Joselândia,5960,9473,15433
210565 Junco do Maranhão,2819,1201,4020
210570 Lago da Pedra,30046,16037,46083
210580 Lago do Junco,3913,6816,10729
210594 Lago dos Rodrigues,4849,2945,7794
210590 Lago Verde,5052,10360,15412
210592 Lagoa do Mato,4453,6481,10934
210596 Lagoa Grande do Maranhão,5499,5018,10517
210598 Lajeado Novo,3194,3729,6923
210600 Lima Campos,6793,4630,11423
210610 Loreto,6360,5030,11390
210620 Luís Domingues,5503,1007,6510
210630 Magalhães de Almeida,8963,8624,17587
210632 Maracaçumé,15829,3326,19155
210635 Marajá do Sena,1158,6893,8051
210637 Maranhãozinho,9020,5045,14065
210640 Mata Roma,7132,8018,15150
210650 Matinha,8883,13002,21885
210660 Matões,13635,17380,31015
210663 Matões do Norte,4679,9115,13794
210667 Milagres do Maranhão,1760,6358,8118
210670 Mirador,9373,11079,20452
210675 Miranda do Norte,19519,4908,24427
210680 Mirinzal,9031,5187,14218
210690 Monção,11759,19979,31738
210700 Montes Altos,5126,4287,9413
210710 Morros,6720,11063,17783
210720 Nina Rodrigues,4439,8025,12464
210725 Nova Colinas,2210,2675,4885
210730 Nova Iorque,2876,1714,4590
210735 Nova Olinda do Maranhão,11862,7272,19134
210740 Olho d'Água das Cunhãs,9592,9009,18601
210745 Olinda Nova do Maranhão,5981,7200,13181
210750 Paço do Lumiar,78811,26310,105121
210760 Palmeirândia,3459,15305,18764
210770 Paraibano,15746,4357,20103
210780 Parnarama,13530,21056,34586
210790 Passagem Franca,10464,7098,17562
210800 Pastos Bons,12307,5760,18067
210805 Paulino Neves,4654,9865,14519
210810 Paulo Ramos,10825,9254,20079
210820 Pedreiras,32937,6511,39448
210825 Pedro do Rosário,5890,16842,22732
210830 Penalva,16593,17674,34267
210840 Peri Mirim,3668,10135,13803
210845 Peritoró,7752,13449,21201
210850 Pindaré-Mirim,22417,8735,31152
210860 Pinheiro,46487,31675,78162
210870 Pio XII,12459,9557,22016
210880 Pirapemas,11146,6235,17381
210890 Poção de Pedras,8378,11330,19708
210900 Porto Franco,16866,4664,21530
210905 Porto Rico do Maranhão,2411,3619,6030
210910 Presidente Dutra,32000,12731,44731
210920 Presidente Juscelino,4120,7421,11541
210923 Presidente Médici,3904,2470,6374
210927 Presidente Sarney,4288,12877,17165
210930 Presidente Vargas,4581,6136,10717
210940 Primeira Cruz,4289,9665,13954
210945 Raposa,16675,9652,26327
210950 Riachão,10205,10004,20209
210955 Ribamar Fiquene,3677,3641,7318
210960 Rosário,23252,16324,39576
210970 Sambaíba,2836,2651,5487
210975 Santa Filomena do Maranhão,2293,4768,7061
210980 Santa Helena,19578,19532,39110
210990 Santa Inês,73197,4085,77282
211000 Santa Luzia,25789,48254,74043
211003 Santa Luzia do Paruá,12591,10053,22644
211010 Santa Quitéria do Maranhão,14141,15050,29191
211020 Santa Rita,14915,17451,32366
211023 Santana do Maranhão,1842,9819,11661
211027 Santo Amaro do Maranhão,3630,10190,13820
211030 Santo Antônio dos Lopes,5732,8556,14288
211040 São Benedito do Rio Preto,11049,6750,17799
211050 São Bento,23508,17228,40736
211060 São Bernardo,11800,14676,26476
211065 São Domingos do Azeitão,4961,2022,6983
211070 São Domingos do Maranhão,17313,16294,33607
211080 São Félix de Balsas,1628,3074,4702
211085 São Francisco do Brejão,4836,5425,10261
211090 São Francisco do Maranhão,4104,8042,12146
211100 São João Batista,5344,14576,19920
211102 São João do Carú,6323,5986,12309
211105 São João do Paraíso,5276,5538,10814
211107 São João do Soter,6646,10592,17238
211110 São João dos Patos,20567,4361,24928
211120 São José de Ribamar,37709,125336,163045
211125 São José dos Basílios,3006,4490,7496
211130 São Luís,958522,56315,1014837
211140 São Luís Gonzaga do Maranhão,7896,12257,20153
211150 São Mateus do Maranhão,28712,10381,39093
211153 São Pedro da Água Branca,10712,1316,12028
211157 São Pedro dos Crentes,2437,1988,4425
211160 São Raimundo das Mangabeiras,12533,4941,17474
211163 São Raimundo do Doca Bezerra,1731,4359,6090
211167 São Roberto,2845,3112,5957
211170 São Vicente Ferrer,5431,15432,20863
211172 Satubinha,3634,8356,11990
211174 Senador Alexandre Costa,6164,4092,10256
211176 Senador La Rocque,8739,9259,17998
211178 Serrano do Maranhão,4227,6713,10940
211180 Sítio Novo,5139,11863,17002
211190 Sucupira do Norte,4944,5500,10444
211195 Sucupira do Riachão,2862,1751,4613
211200 Tasso Fragoso,4648,3148,7796
211210 Timbiras,17471,10526,27997
211220 Timon,135133,20327,155460
211223 Trizidela do Vale,16170,2783,18953
211227 Tufilândia,2732,2864,5596
211230 Tuntum,17927,21256,39183
211240 Turiaçu,10931,23002,33933
211245 Turilândia,10353,12493,22846
211250 Tutóia,18680,34108,52788
211260 Urbano Santos,17374,7199,24573
211270 Vargem Grande,26687,22725,49412
211280 Viana,26915,22581,49496
211285 Vila Nova dos Martírios,6188,5070,11258
211290 Vitória do Mearim,14811,16406,31217
211300 Vitorino Freire,16176,15482,31658
211400 Zé Doca,30864,19309,50173
220005 Acauã,901,5848,6749
220010 Agricolândia,3602,1496,5098
220020 Água Branca,14539,1912,16451
220025 Alagoinha do Piauí,2669,4672,7341
220027 Alegrete do Piauí,2837,2316,5153
220030 Alto Longá,6714,6932,13646
220040 Altos,27388,11434,38822
220045 Alvorada do Gurguéia,1849,3201,5050
220050 Amarante,8772,8363,17135
220060 Angical do Piauí,5214,1458,6672
220070 Anísio de Abreu,4503,4595,9098
220080 Antônio Almeida,2224,815,3039
220090 Aroazes,3430,2349,5779
220095 Aroeiras do Itaim,238,2202,2440
220100 Arraial,2433,2255,4688
220105 Assunção do Piauí,3378,4125,7503
220110 Avelino Lopes,6714,4353,11067
220115 Baixa Grande do Ribeiro,6487,4029,10516
220117 Barra D'Alcântara,2032,1820,3852
220120 Barras,22126,22724,44850
220130 Barreiras do Piauí,1875,1359,3234
220140 Barro Duro,4789,1818,6607
220150 Batalha,9607,16167,25774
220155 Bela Vista do Piauí,1243,2535,3778
220157 Belém do Piauí,1603,1681,3284
220160 Beneditinos,6261,3650,9911
220170 Bertolínia,3894,1425,5319
220173 Betânia do Piauí,1678,4337,6015
220177 Boa Hora,1524,4772,6296
220180 Bocaina,1746,2623,4369
220190 Bom Jesus,17623,5006,22629
220191 Bom Princípio do Piauí,1654,3650,5304
220192 Bonfim do Piauí,1635,3758,5393
220194 Boqueirão do Piauí,2666,3527,6193
220196 Brasileira,3483,4483,7966
220198 Brejo do Piauí,1426,2424,3850
220200 Buriti dos Lopes,10294,8780,19074
220202 Buriti dos Montes,2421,5553,7974
220205 Cabeceiras do Piauí,1657,8271,9928
220207 Cajazeiras do Piauí,1112,2231,3343
220208 Cajueiro da Praia,2699,4464,7163
220209 Caldeirão Grande do Piauí,1662,4009,5671
220210 Campinas do Piauí,1807,3601,5408
220211 Campo Alegre do Fidalgo,1224,3469,4693
220213 Campo Grande do Piauí,1569,4023,5592
220217 Campo Largo do Piauí,1430,5373,6803
220220 Campo Maior,33521,11656,45177
220225 Canavieira,1738,2183,3921
220230 Canto do Buriti,11130,8890,20020
220240 Capitão de Campos,6347,4606,10953
220245 Capitão Gervásio Oliveira,1162,2716,3878
220250 Caracol,4028,6184,10212
220253 Caraúbas do Piauí,972,4553,5525
220255 Caridade do Piauí,1579,3247,4826
220260 Castelo do Piauí,11479,6857,18336
220265 Caxingó,966,4073,5039
220270 Cocal,12020,14016,26036
220271 Cocal de Telha,2667,1858,4525
220272 Cocal dos Alves,1782,3790,5572
220273 Coivaras,1173,2638,3811
220275 Colônia do Gurguéia,4850,1186,6036
220277 Colônia do Piauí,2644,4789,7433
220280 Conceição do Canindé,2363,2112,4475
220285 Coronel José Dias,1491,3050,4541
220290 Corrente,15693,9714,25407
220300 Cristalândia do Piauí,2945,4886,7831
220310 Cristino Castro,7262,2719,9981
220320 Curimatá,7084,3677,10761
220323 Currais,924,3780,4704
220327 Curral Novo do Piauí,1379,3490,4869
220325 Curralinhos,1331,2852,4183
220330 Demerval Lobão,10873,2405,13278
220335 Dirceu Arcoverde,2369,4306,6675
220340 Dom Expedito Lopes,3572,2997,6569
220345 Dom Inocêncio,2018,7227,9245
220342 Domingos Mourão,958,3306,4264
220350 Elesbão Veloso,10124,4388,14512
220360 Eliseu Martins,3821,844,4665
220370 Esperantina,23158,14609,37767
220375 Fartura do Piauí,1336,3738,5074
220380 Flores do Piauí,1987,2379,4366
220385 Floresta do Piauí,861,1621,2482
220390 Floriano,49970,7720,57690
220400 Francinópolis,3275,1960,5235
220410 Francisco Ayres,2154,2323,4477
220415 Francisco Macedo,1159,1720,2879
220420 Francisco Santos,3979,4613,8592
220430 Fronteiras,7288,3829,11117
220435 Geminiano,1216,4259,5475
220440 Gilbués,5991,4411,10402
220450 Guadalupe,9842,426,10268
220455 Guaribas,1275,3126,4401
220460 Hugo Napoleão,3098,673,3771
220465 Ilha Grande,7445,1469,8914
220470 Inhuma,7279,7566,14845
220480 Ipiranga do Piauí,5746,3581,9327
220490 Isaías Coelho,1865,6356,8221
220500 Itainópolis,2530,8579,11109
220510 Itaueira,5949,4729,10678
220515 Jacobina do Piauí,1024,4698,5722
220520 Jaicós,8508,9527,18035
220525 Jardim do Mulato,1183,3126,4309
220527 Jatobá do Piauí,888,3768,4656
220530 Jerumenha,2469,1921,4390
220535 João Costa,701,2259,2960
220540 Joaquim Pires,4256,9561,13817
220545 Joca Marques,1677,3423,5100
220550 José de Freitas,21601,15484,37085
220551 Juazeiro do Piauí,1479,3278,4757
220552 Júlio Borges,1618,3755,5373
220553 Jurema,866,3651,4517
220555 Lagoa Alegre,3042,4966,8008
220557 Lagoa de São Francisco,2092,4330,6422
220556 Lagoa do Barro do Piauí,994,3529,4523
220558 Lagoa do Piauí,1672,2191,3863
220559 Lagoa do Sítio,1723,3127,4850
220554 Lagoinha do Piauí,1582,1074,2656
220560 Landri Sales,3957,1324,5281
220570 Luís Correia,12645,15761,28406
220580 Luzilândia,13268,11453,24721
220585 Madeiro,3364,4452,7816
220590 Manoel Emídio,3315,1898,5213
220595 Marcolândia,6707,1105,7812
220600 Marcos Parente,3845,611,4456
220605 Massapê do Piauí,936,5284,6220
220610 Matias Olímpio,4796,5677,10473
220620 Miguel Alves,10711,21578,32289
220630 Miguel Leão,862,391,1253
220635 Milton Brandão,1701,5068,6769
220640 Monsenhor Gil,5309,5024,10333
220650 Monsenhor Hipólito,3485,3906,7391
220660 Monte Alegre do Piauí,2981,7364,10345
220665 Morro Cabeça no Tempo,1404,2664,4068
220667 Morro do Chapéu do Piauí,2298,4201,6499
220669 Murici dos Portelas,1689,6775,8464
220670 Nazaré do Piauí,3503,3818,7321
220672 Nazária,1652,6416,8068
220675 Nossa Senhora de Nazaré,1363,3193,4556
220680 Nossa Senhora dos Remédios,3693,4513,8206
220795 Nova Santa Rita,704,3483,4187
220690 Novo Oriente do Piauí,3280,3218,6498
220695 Novo Santo Antônio,916,2344,3260
220700 Oeiras,21997,13643,35640
220710 Olho D'Água do Piauí,1064,1562,2626
220720 Padre Marcos,2352,4305,6657
220730 Paes Landim,2376,1683,4059
220735 Pajeú do Piauí,1426,1937,3363
220740 Palmeira do Piauí,1764,3229,4993
220750 Palmeirais,5342,8403,13745
220755 Paquetá,557,3590,4147
220760 Parnaguá,5339,4937,10276
220770 Parnaíba,137485,8220,145705
220775 Passagem Franca do Piauí,2482,2064,4546
220777 Patos do Piauí,1689,4416,6105
220779 Pau D'Arco do Piauí,556,3201,3757
220780 Paulistana,10656,9129,19785
220785 Pavussu,1793,1870,3663
220790 Pedro II,22666,14830,37496
220793 Pedro Laurentino,819,1588,2407
220800 Picos,58307,15107,73414
220810 Pimenteiras,4795,6938,11733
220820 Pio IX,5291,12380,17671
220830 Piracuruca,19247,8306,27553
220840 Piripiri,44540,17294,61834
220850 Porto,7503,4394,11897
220855 Porto Alegre do Piauí,1802,757,2559
220860 Prata do Piauí,2552,533,3085
220865 Queimada Nova,1156,7397,8553
220870 Redenção do Gurguéia,5335,3065,8400
220880 Regeneração,13805,3751,17556
220885 Riacho Frio,2222,2019,4241
220887 Ribeira do Piauí,1030,3233,4263
220890 Ribeiro Gonçalves,4449,2396,6845
220900 Rio Grande do Piauí,4094,2179,6273
220910 Santa Cruz do Piauí,4067,1960,6027
220915 Santa Cruz dos Milagres,2127,1667,3794
220920 Santa Filomena,3544,2552,6096
220930 Santa Luz,3109,2404,5513
220937 Santa Rosa do Piauí,3655,1494,5149
220935 Santana do Piauí,1939,2978,4917
220940 Santo Antônio de Lisboa,3920,2087,6007
220945 Santo Antônio dos Milagres,807,1252,2059
220950 Santo Inácio do Piauí,2297,1351,3648
220955 São Braz do Piauí,1021,3292,4313
220960 São Félix do Piauí,1641,1428,3069
220965 São Francisco de Assis do Piauí,1429,4138,5567
220970 São Francisco do Piauí,1983,4315,6298
220975 São Gonçalo do Gurguéia,1219,1606,2825
220980 São Gonçalo do Piauí,3308,1446,4754
220985 São João da Canabrava,1233,3212,4445
220987 São João da Fronteira,2272,3336,5608
220990 São João da Serra,3447,2710,6157
220995 São João da Varjota,1389,3262,4651
220997 São João do Arraial,3701,3635,7336
221000 São João do Piauí,13470,6078,19548
221005 São José do Divino,2710,2438,5148
221010 São José do Peixe,1889,1811,3700
221020 São José do Piauí,1929,4662,6591
221030 São Julião,2328,3347,5675
221035 São Lourenço do Piauí,1113,3314,4427
221037 São Luis do Piauí,814,1747,2561
221038 São Miguel da Baixa Grande,1358,752,2110
221039 São Miguel do Fidalgo,1085,1891,2976
221040 São Miguel do Tapuio,6675,11459,18134
221050 São Pedro do Piauí,8195,5444,13639
221060 São Raimundo Nonato,21266,11061,32327
221062 Sebastião Barros,1112,2448,3560
221063 Sebastião Leal,1922,2194,4116
221065 Sigefredo Pacheco,3176,6443,9619
221070 Simões,5689,8491,14180
221080 Simplício Mendes,7163,4914,12077
221090 Socorro do Piauí,1630,2892,4522
221093 Sussuapara,1582,4647,6229
221095 Tamboril do Piauí,1512,1241,2753
221097 Tanque do Piauí,1239,1381,2620
221100 Teresina,767557,46673,814230
221110 União,20965,21689,42654
221120 Uruçuí,15505,4644,20149
221130 Valença do Piauí,15798,4528,20326
221135 Várzea Branca,1147,3766,4913
221140 Várzea Grande,2581,1755,4336
221150 Vera Mendes,966,2020,2986
221160 Vila Nova do Piauí,759,2317,3076
221170 Wall Ferraz,1166,3114,4280
230010 Abaiara,4552,5944,10496
230015 Acarape,7982,7356,15338
230020 Acaraú,28242,29309,57551
230030 Acopiara,25228,25932,51160
230040 Aiuaba,3951,12252,16203
230050 Alcântaras,3448,7323,10771
230060 Altaneira,4957,1899,6856
230070 Alto Santo,8041,8318,16359
230075 Amontada,15947,23285,39232
230080 Antonina do Norte,4999,1985,6984
230090 Apuiarés,5772,8153,13925
230100 Aquiraz,67083,5545,72628
230110 Aracati,44035,25124,69159
230120 Aracoiaba,13737,11654,25391
230125 Ararendá,4906,5585,10491
230130 Araripe,12733,7952,20685
230140 Aratuba,3769,7760,11529
230150 Arneiroz,3879,3771,7650
230160 Assaré,11952,10493,22445
230170 Aurora,11825,12741,24566
230180 Baixio,3304,2722,6026
230185 Banabuiú,8753,8562,17315
230190 Barbalha,38022,17301,55323
230195 Barreira,8127,11446,19573
230200 Barro,13160,8354,21514
230205 Barroquinha,9770,4706,14476
230210 Baturité,24437,8884,33321
230220 Beberibe,21611,27700,49311
230230 Bela Cruz,12997,17881,30878
230240 Boa Viagem,26604,25894,52498
230250 Brejo Santo,28055,17138,45193
230260 Camocim,44657,15501,60158
230270 Campos Sales,19081,7425,26506
230280 Canindé,46875,27598,74473
230290 Capistrano,6212,10850,17062
230300 Caridade,11523,8497,20020
230310 Cariré,8301,10046,18347
230320 Caririaçu,14031,12362,26393
230330 Cariús,8310,10257,18567
230340 Carnaubal,7960,8786,16746
230350 Cascavel,56157,9985,66142
230360 Catarina,8728,10017,18745
230365 Catunda,5395,4557,9952
230370 Caucaia,290220,35221,325441
230380 Cedro,15159,9368,24527
230390 Chaval,9168,3447,12615
230393 Choró,3794,9059,12853
230395 Chorozinho,11426,7489,18915
230400 Coreaú,14223,7731,21954
230410 Crateús,52644,20168,72812
230420 Crato,100916,20512,121428
230423 Croatá,9038,8031,17069
230425 Cruz,9569,12910,22479
230426 Deputado Irapuan Pinheiro,4133,4962,9095
230427 Ererê,3458,3382,6840
230428 Eusébio,46033,-,46033
230430 Farias Brito,8871,10136,19007
230435 Forquilha,15473,6313,21786
230440 Fortaleza,2452185,-,2452185
230445 Fortim,9608,5209,14817
230450 Frecheirinha,7636,5355,12991
230460 General Sampaio,3648,2570,6218
230465 Graça,5815,9234,15049
230470 Granja,25892,26753,52645
230480 Granjeiro,1370,3259,4629
230490 Groaíras,7076,3152,10228
230495 Guaiúba,18877,5214,24091
230500 Guaraciaba do Norte,17403,20372,37775
230510 Guaramiranga,2495,1669,4164
230520 Hidrolândia,11054,8271,19325
230523 Horizonte,51049,4138,55187
230526 Ibaretama,4447,8475,12922
230530 Ibiapina,10743,13065,23808
230533 Ibicuitinga,5742,5593,11335
230535 Icapuí,5787,12605,18392
230540 Icó,30463,34993,65456
230550 Iguatu,74627,21868,96495
230560 Independência,11473,14100,25573
230565 Ipaporanga,4136,7207,11343
230570 Ipaumirim,7133,4876,12009
230580 Ipu,25581,14715,40296
230590 Ipueiras,18358,19504,37862
230600 Iracema,9819,3903,13722
230610 Irauçuba,14343,7981,22324
230620 Itaiçaba,4279,3037,7316
230625 Itaitinga,35565,252,35817
230630 Itapajé,33990,14360,48350
230640 Itapipoca,66909,49156,116065
230650 Itapiúna,8819,9807,18626
230655 Itarema,15938,21533,37471
230660 Itatira,9522,9372,18894
230670 Jaguaretama,8469,9394,17863
230680 Jaguaribara,7212,3187,10399
230690 Jaguaribe,23268,11141,34409
230700 Jaguaruana,19135,13101,32236
230710 Jardim,8994,17694,26688
230720 Jati,4489,3171,7660
230725 Jijoca de Jericoacoara,5556,11446,17002
230730 Juazeiro do Norte,240128,9811,249939
230740 Jucás,14150,9657,23807
230750 Lavras da Mangabeira,18132,12958,31090
230760 Limoeiro do Norte,32483,23781,56264
230763 Madalena,8915,9173,18088
230765 Maracanaú,207623,1434,209057
230770 Maranguape,86309,27252,113561
230780 Marco,15435,9268,24703
230790 Martinópole,8007,2207,10214
230800 Massapê,23983,11208,35191
230810 Mauriti,23285,20955,44240
230820 Meruoca,7420,6273,13693
230830 Milagres,13556,14760,28316
230835 Milhã,5969,7117,13086
230837 Miraíma,6847,5953,12800
230840 Missão Velha,15419,18855,34274
230850 Mombaça,18816,23874,42690
230860 Monsenhor Tabosa,9362,7343,16705
230870 Morada Nova,35401,26664,62065
230880 Moraújo,3604,4466,8070
230890 Morrinhos,9612,11088,20700
230900 Mucambo,9066,5036,14102
230910 Mulungu,4198,7287,11485
230920 Nova Olinda,9696,4560,14256
230930 Nova Russas,23244,7721,30965
230940 Novo Oriente,14230,13223,27453
230945 Ocara,7605,16402,24007
230950 Orós,16023,5366,21389
230960 Pacajus,50675,11163,61838
230970 Pacatuba,62095,10204,72299
230980 Pacoti,4745,6862,11607
230990 Pacujá,3723,2263,5986
231000 Palhano,4515,4351,8866
231010 Palmácia,4957,7048,12005
231020 Paracuru,20589,11047,31636
231025 Paraipaba,13435,16606,30041
231030 Parambu,14106,17203,31309
231040 Paramoti,5540,5768,11308
231050 Pedra Branca,24510,17380,41890
231060 Penaforte,6399,1827,8226
231070 Pentecoste,21394,14006,35400
231080 Pereiro,5433,10324,15757
231085 Pindoretama,11280,7403,18683
231090 Piquet Carneiro,7440,8027,15467
231095 Pires Ferreira,3354,6862,10216
231100 Poranga,7798,4203,12001
231110 Porteiras,6189,8872,15061
231120 Potengi,5714,4562,10276
231123 Potiretama,2703,3423,6126
231126 Quiterianópolis,6305,13616,19921
231130 Quixadá,57485,23119,80604
231135 Quixelô,4929,10071,15000
231140 Quixeramobim,43424,28463,71887
231150 Quixeré,11930,7482,19412
231160 Redenção,15134,11281,26415
231170 Reriutaba,10590,8865,19455
231180 Russas,44952,24881,69833
231190 Saboeiro,8455,7297,15752
231195 Salitre,6263,9190,15453
231220 Santa Quitéria,22260,20503,42763
231200 Santana do Acaraú,15372,14574,29946
231210 Santana do Cariri,8822,8348,17170
231230 São Benedito,24554,19624,44178
231240 São Gonçalo do Amarante,28537,15353,43890
231250 São João do Jaguaribe,3169,4731,7900
231260 São Luís do Curu,7961,4371,12332
231270 Senador Pompeu,15706,10763,26469
231280 Senador Sá,5068,1784,6852
231290 Sobral,166310,21923,188233
231300 Solonópole,9106,8559,17665
231310 Tabuleiro do Norte,18806,10398,29204
231320 Tamboril,14202,11249,25451
231325 Tarrafas,2624,6286,8910
231330 Tauá,32259,23457,55716
231335 Tejuçuoca,6335,10492,16827
231340 Tianguá,45819,23073,68892
231350 Trairi,18784,32638,51422
231355 Tururu,5288,9120,14408
231360 Ubajara,15350,16437,31787
231370 Umari,3918,3627,7545
231375 Umirim,11091,7711,18802
231380 Uruburetama,14689,5076,19765
231390 Uruoca,7671,5212,12883
231395 Varjota,14416,3177,17593
231400 Várzea Alegre,23896,14538,38434
231410 Viçosa do Ceará,17827,37128,54955
240010 Acari,8902,2133,11035
240020 Açu,39359,13868,53227
240030 Afonso Bezerra,5759,5085,10844
240040 Água Nova,1908,1072,2980
240050 Alexandria,9189,4318,13507
240060 Almino Afonso,3479,1392,4871
240070 Alto do Rodrigues,8873,3432,12305
240080 Angicos,10085,1464,11549
240090 Antônio Martins,3784,3123,6907
240100 Apodi,17531,17232,34763
240110 Areia Branca,20317,4998,25315
240120 Arês,8069,4855,12924
240130 Augusto Severo,5002,4287,9289
240140 Baía Formosa,7128,1445,8573
240145 Baraúna,15210,8972,24182
240150 Barcelona,1756,2194,3950
240160 Bento Fernandes,2067,3046,5113
240165 Bodó,1393,1032,2425
240170 Bom Jesus,6768,2672,9440
240180 Brejinho,8925,2652,11577
240185 Caiçara do Norte,5894,122,6016
240190 Caiçara do Rio do Vento,2526,782,3308
240200 Caicó,57461,5248,62709
240210 Campo Redondo,5197,5069,10266
240220 Canguaretama,20235,10681,30916
240230 Caraúbas,13704,5872,19576
240240 Carnaúba dos Dantas,6028,1401,7429
240250 Carnaubais,4757,5005,9762
240260 Ceará-Mirim,35494,32647,68141
240270 Cerro Corá,4742,6174,10916
240280 Coronel Ezequiel,2273,3132,5405
240290 Coronel João Pessoa,1777,2995,4772
240300 Cruzeta,6521,1446,7967
240310 Currais Novos,37777,4875,42652
240320 Doutor Severiano,2783,3709,6492
240330 Encanto,2130,3101,5231
240340 Equador,4810,1012,5822
240350 Espírito Santo,5000,5475,10475
240360 Extremoz,15769,8800,24569
240370 Felipe Guerra,3875,1859,5734
240375 Fernando Pedroza,2437,417,2854
240380 Florânia,6857,2102,8959
240390 Francisco Dantas,1647,1227,2874
240400 Frutuoso Gomes,2812,1421,4233
240410 Galinhos,1238,921,2159
240420 Goianinha,15477,7004,22481
240430 Governador Dix-Sept Rosado,6806,5568,12374
240440 Grossos,7039,2354,9393
240450 Guamaré,4407,7997,12404
240460 Ielmo Marinho,1546,10625,12171
240470 Ipanguaçu,5383,8473,13856
240480 Ipueira,1889,188,2077
240485 Itajá,5701,1231,6932
240490 Itaú,4789,775,5564
240500 Jaçanã,5333,2592,7925
240510 Jandaíra,3954,2847,6801
240520 Janduís,3992,1353,5345
240530 Januário Cicco,3209,5802,9011
240540 Japi,4107,1415,5522
240550 Jardim de Angicos,433,2174,2607
240560 Jardim de Piranhas,10596,2910,13506
240570 Jardim do Seridó,9835,2278,12113
240580 João Câmara,22657,9570,32227
240590 João Dias,1166,1435,2601
240600 José da Penha,3542,2326,5868
240610 Jucurutu,10567,7125,17692
240615 Jundiá,960,2622,3582
240620 Lagoa d'Anta,3982,2245,6227
240630 Lagoa de Pedras,2237,4752,6989
240640 Lagoa de Velhos,1793,875,2668
240650 Lagoa Nova,6801,7182,13983
240660 Lagoa Salgada,5005,2559,7564
240670 Lajes,8068,2313,10381
240680 Lajes Pintadas,2390,2222,4612
240690 Lucrécia,2280,1353,3633
240700 Luís Gomes,6686,2924,9610
240710 Macaíba,42631,26836,69467
240720 Macau,21966,6988,28954
240725 Major Sales,2900,636,3536
240730 Marcelino Vieira,4894,3371,8265
240740 Martins,5036,3182,8218
240750 Maxaranguape,3889,6552,10441
240760 Messias Targino,3638,550,4188
240770 Montanhas,8870,2543,11413
240780 Monte Alegre,9002,11683,20685
240790 Monte das Gameleiras,1283,978,2261
240800 Mossoró,237241,22574,259815
240810 Natal,803739,-,803739
240820 Nísia Floresta,9380,14404,23784
240830 Nova Cruz,24380,11110,35490
240840 Olho-d'Água do Borges,3240,1055,4295
240850 Ouro Branco,3258,1441,4699
240860 Paraná,821,3131,3952
240870 Paraú,3335,524,3859
240880 Parazinho,3137,1708,4845
240890 Parelhas,17084,3270,20354
240325 Parnamirim,202456,-,202456
240910 Passa e Fica,6755,4345,11100
240920 Passagem,1191,1704,2895
240930 Patu,10159,1805,11964
240940 Pau dos Ferros,25551,2194,27745
240950 Pedra Grande,1161,2360,3521
240960 Pedra Preta,990,1600,2590
240970 Pedro Avelino,4120,3051,7171
240980 Pedro Velho,7248,6866,14114
240990 Pendências,10574,2858,13432
241000 Pilões,2533,920,3453
241010 Poço Branco,7417,6532,13949
241020 Portalegre,3843,3477,7320
241025 Porto do Mangue,3027,2190,5217
241040 Pureza,2996,5428,8424
241050 Rafael Fernandes,2709,1983,4692
241060 Rafael Godeiro,1933,1130,3063
241070 Riacho da Cruz,2674,491,3165
241080 Riacho de Santana,1710,2446,4156
241090 Riachuelo,4342,2725,7067
240895 Rio do Fogo,3748,6311,10059
241100 Rodolfo Fernandes,3734,684,4418
241110 Ruy Barbosa,1736,1859,3595
241120 Santa Cruz,30499,5298,35797
240933 Santa Maria,3051,1711,4762
241140 Santana do Matos,6895,6914,13809
241142 Santana do Seridó,1653,873,2526
241150 Santo Antônio,14280,7936,22216
241160 São Bento do Norte,1038,1937,2975
241170 São Bento do Trairí,1884,2021,3905
241180 São Fernando,2297,1104,3401
241190 São Francisco do Oeste,2948,926,3874
241200 São Gonçalo do Amarante,74099,13569,87668
241210 São João do Sabugi,4756,1166,5922
241220 São José de Mipibu,18232,21544,39776
241230 São José do Campestre,10272,2084,12356
241240 São José do Seridó,3302,929,4231
241250 São Miguel,14500,7657,22157
241255 São Miguel do Gostoso,4131,4539,8670
241260 São Paulo do Potengi,11468,4375,15843
241270 São Pedro,3494,2741,6235
241280 São Rafael,5538,2573,8111
241290 São Tomé,5941,4886,10827
241300 São Vicente,3765,2263,6028
241310 Senador Elói de Souza,2423,3214,5637
241320 Senador Georgino Avelino,3881,43,3924
241030 Serra Caiada,5313,3455,8768
241330 Serra de São Bento,3262,2481,5743
241335 Serra do Mel,2698,7589,10287
241340 Serra Negra do Norte,4997,2773,7770
241350 Serrinha,2121,4460,6581
241355 Serrinha dos Pintos,2404,2136,4540
241360 Severiano Melo,2118,3634,5752
241370 Sítio Novo,2390,2630,5020
241380 Taboleiro Grande,1887,430,2317
241390 Taipu,4084,7752,11836
241400 Tangará,9734,4441,14175
241410 Tenente Ananias,6825,3058,9883
241415 Tenente Laurentino Cruz,1152,4254,5406
241105 Tibau,2835,852,3687
241420 Tibau do Sul,6861,4524,11385
241430 Timbaúba dos Batistas,1728,567,2295
241440 Touros,7922,23167,31089
241445 Triunfo Potiguar,2197,1171,3368
241450 Umarizal,9069,1590,10659
241460 Upanema,6298,6694,12992
241470 Várzea,4321,915,5236
241475 Venha-Ver,1199,2622,3821
241480 Vera Cruz,4695,6024,10719
241490 Viçosa,1541,77,1618
241500 Vila Flor,2784,88,2872
250010 Água Branca,4061,5388,9449
250020 Aguiar,2701,2829,5530
250030 Alagoa Grande,17531,10948,28479
250040 Alagoa Nova,9794,9887,19681
250050 Alagoinha,9034,4542,13576
250053 Alcantil,2064,3175,5239
250057 Algodão de Jandaíra,1231,1135,2366
250060 Alhandra,11153,6854,18007
250073 Amparo,1062,1026,2088
250077 Aparecida,3638,4038,7676
250080 Araçagi,6804,10420,17224
250090 Arara,8924,3729,12653
250100 Araruna,9328,9551,18879
250110 Areia,14598,9231,23829
250115 Areia de Baraúnas,1017,910,1927
250120 Areial,4600,1870,6470
250130 Aroeiras,9531,9551,19082
250135 Assunção,2846,676,3522
250140 Baía da Traição,3092,4920,8012
250150 Bananeiras,8668,13183,21851
250153 Baraúna,3187,1033,4220
250160 Barra de Santa Rosa,7956,6201,14157
250157 Barra de Santana,731,7475,8206
250170 Barra de São Miguel,2364,3247,5611
250180 Bayeux,98793,923,99716
250190 Belém,14112,2981,17093
250200 Belém do Brejo do Cruz,5260,1883,7143
250205 Bernardino Batista,858,2217,3075
250210 Boa Ventura,3522,2229,5751
250215 Boa Vista,3208,3019,6227
250220 Bom Jesus,988,1412,2400
250230 Bom Sucesso,2030,3005,5035
250240 Bonito de Santa Fé,7399,3405,10804
250250 Boqueirão,12006,4882,16888
250270 Borborema,3732,1379,5111
250280 Brejo do Cruz,9898,3225,13123
250290 Brejo dos Santos,4634,1564,6198
250300 Caaporã,17548,2814,20362
250310 Cabaceiras,2217,2818,5035
250320 Cabedelo,57936,8,57944
250330 Cachoeira dos Índios,3403,6143,9546
250340 Cacimba de Areia,1674,1883,3557
250350 Cacimba de Dentro,9158,7590,16748
250355 Cacimbas,1641,5173,6814
250360 Caiçara,5190,2030,7220
250370 Cajazeiras,47501,10945,58446
250375 Cajazeirinhas,1000,2033,3033
250380 Caldas Brandão,3224,2413,5637
250390 Camalaú,2887,2862,5749
250400 Campina Grande,367209,18004,385213
250403 Capim,4106,1495,5601
250407 Caraúbas,1517,2382,3899
250410 Carrapateira,1713,665,2378
250415 Casserengue,3458,3600,7058
250420 Catingueira,2884,1928,4812
250430 Catolé do Rocha,21323,7436,28759
250435 Caturité,1024,3519,4543
250440 Conceição,11433,6930,18363
250450 Condado,4562,2022,6584
250460 Conde,14487,6913,21400
250470 Congo,2942,1745,4687
250480 Coremas,11419,3730,15149
250485 Coxixola,782,989,1771
250490 Cruz do Espírito Santo,7440,8817,16257
250500 Cubati,4769,2097,6866
250510 Cuité,13462,6516,19978
250523 Cuité de Mamanguape,2069,4133,6202
250520 Cuitegi,5608,1281,6889
250527 Curral de Cima,473,4736,5209
250530 Curral Velho,1410,1095,2505
250535 Damião,2278,2622,4900
250540 Desterro,4889,3102,7991
250560 Diamante,3818,2798,6616
250570 Dona Inês,4655,5862,10517
250580 Duas Estradas,2839,799,3638
250590 Emas,2132,1185,3317
250600 Esperança,21631,9464,31095
250610 Fagundes,5465,5940,11405
250620 Frei Martinho,1807,1126,2933
250625 Gado Bravo,908,7468,8376
250630 Guarabira,48960,6366,55326
250640 Gurinhém,5795,8077,13872
250650 Gurjão,2128,1031,3159
250660 Ibiara,3686,2345,6031
250260 Igaracy,4121,2035,6156
250670 Imaculada,5063,6289,11352
250680 Ingá,11599,6581,18180
250690 Itabaiana,19731,4750,24481
250700 Itaporanga,17629,5563,23192
250710 Itapororoca,10856,6141,16997
250720 Itatuba,5955,4246,10201
250730 Jacaraú,8032,5910,13942
250740 Jericó,4729,2809,7538
250750 João Pessoa,720785,2730,723515
251365 Joca Claudino,840,1775,2615
250760 Juarez Távora,5852,1607,7459
250770 Juazeirinho,9124,7652,16776
250780 Junco do Seridó,4369,2274,6643
250790 Juripiranga,9586,651,10237
250800 Juru,4359,5467,9826
250810 Lagoa,2304,2377,4681
250820 Lagoa de Dentro,3975,3395,7370
250830 Lagoa Seca,10570,15330,25900
250840 Lastro,1335,1506,2841
250850 Livramento,3752,3412,7164
250855 Logradouro,1723,2219,3942
250860 Lucena,10152,1578,11730
250870 Mãe d'Água,1569,2450,4019
250880 Malta,4905,708,5613
250890 Mamanguape,34234,8069,42303
250900 Manaíra,6027,4732,10759
250905 Marcação,2849,4760,7609
250910 Mari,17455,3721,21176
250915 Marizópolis,5357,816,6173
250920 Massaranduba,4484,8418,12902
250930 Mataraca,6548,859,7407
250933 Matinhas,682,3639,4321
250937 Mato Grosso,1201,1501,2702
250939 Maturéia,3857,2082,5939
250940 Mogeiro,5583,6908,12491
250950 Montadas,3156,1834,4990
250960 Monte Horebe,2501,2007,4508
250970 Monteiro,20261,10591,30852
250980 Mulungu,4536,4933,9469
250990 Natuba,3634,6932,10566
251000 Nazarezinho,3184,4096,7280
251010 Nova Floresta,7892,2641,10533
251020 Nova Olinda,3227,2843,6070
251030 Nova Palmeira,2552,1809,4361
251040 Olho d'Água,3868,3063,6931
251050 Olivedos,1902,1725,3627
251060 Ouro Velho,2047,881,2928
251065 Parari,699,557,1256
251070 Passagem,1109,1124,2233
251080 Patos,97278,3396,100674
251090 Paulista,5720,6068,11788
251100 Pedra Branca,2365,1356,3721
251110 Pedra Lavrada,3075,4400,7475
251120 Pedras de Fogo,16358,10674,27032
251272 Pedro Régis,2148,3617,5765
251130 Piancó,11278,4187,15465
251140 Picuí,12120,6102,18222
251150 Pilar,7673,3518,11191
251160 Pilões,3332,3646,6978
251170 Pilõezinhos,2747,2408,5155
251180 Pirpirituba,7894,2432,10326
251190 Pitimbu,10384,6640,17024
251200 Pocinhos,9618,7414,17032
251203 Poço Dantas,977,2774,3751
251207 Poço de José de Moura,1425,2553,3978
251210 Pombal,25753,6357,32110
251220 Prata,2444,1410,3854
251230 Princesa Isabel,14528,6755,21283
251240 Puxinanã,4217,8706,12923
251250 Queimadas,22236,18813,41049
251260 Quixaba,633,1066,1699
251270 Remígio,12953,4628,17581
251274 Riachão,2026,1240,3266
251275 Riachão do Bacamarte,2663,1601,4264
251276 Riachão do Poço,1287,2877,4164
251278 Riacho de Santo Antônio,1186,536,1722
251280 Riacho dos Cavalos,4025,4289,8314
251290 Rio Tinto,13057,9919,22976
251300 Salgadinho,1203,2305,3508
251310 Salgado de São Félix,5250,6726,11976
251315 Santa Cecília,1868,4790,6658
251320 Santa Cruz,2988,3483,6471
251330 Santa Helena,2702,2667,5369
251335 Santa Inês,1430,2109,3539
251340 Santa Luzia,13479,1240,14719
251370 Santa Rita,103717,16593,120310
251380 Santa Teresinha,2208,2373,4581
251350 Santana de Mangueira,2231,3100,5331
251360 Santana dos Garrotes,3736,3530,7266
251385 Santo André,865,1773,2638
251392 São Bentinho,2845,1293,4138
251390 São Bento,25040,5839,30879
251396 São Domingos,994,1861,2855
251394 São Domingos do Cariri,1034,1386,2420
251398 São Francisco,1363,2001,3364
251400 São João do Cariri,2347,1997,4344
250070 São João do Rio do Peixe,6885,11316,18201
251410 São João do Tigre,1529,2867,4396
251420 São José da Lagoa Tapada,3315,4249,7564
251430 São José de Caiana,2729,3281,6010
251440 São José de Espinharas,1617,3143,4760
251450 São José de Piranhas,10795,8301,19096
251455 São José de Princesa,695,3524,4219
251460 São José do Bonfim,1361,1872,3233
251465 São José do Brejo do Cruz,958,726,1684
251470 São José do Sabugi,2579,1431,4010
251480 São José dos Cordeiros,1643,2342,3985
251445 São José dos Ramos,2373,3135,5508
251490 São Mamede,5929,1819,7748
251500 São Miguel de Taipu,2977,3719,6696
251510 São Sebastião de Lagoa de Roça,4659,6382,11041
251520 São Sebastião do Umbuzeiro,2097,1138,3235
251540 São Vicente do Seridó,4597,5633,10230
251530 Sapé,38141,12002,50143
251550 Serra Branca,8418,4555,12973
251560 Serra da Raiz,2135,1069,3204
251570 Serra Grande,1776,1199,2975
251580 Serra Redonda,3608,3442,7050
251590 Serraria,3467,2771,6238
251593 Sertãozinho,3215,1180,4395
251597 Sobrado,883,6490,7373
251600 Solânea,19332,7361,26693
251610 Soledade,10231,3508,13739
251615 Sossêgo,1582,1587,3169
251620 Sousa,51881,13922,65803
251630 Sumé,12236,3824,16060
251640 Tacima,4368,5894,10262
251650 Taperoá,8939,5997,14936
251660 Tavares,6616,7487,14103
251670 Teixeira,9631,4522,14153
251675 Tenório,1673,1140,2813
251680 Triunfo,4309,4911,9220
251690 Uiraúna,10349,4235,14584
251700 Umbuzeiro,3986,5312,9298
251710 Várzea,1835,669,2504
251720 Vieirópolis,996,4049,5045
250550 Vista Serrana,1586,1926,3512
251740 Zabelê,1472,603,2075
260005 Abreu e Lima,86625,7804,94429
260010 Afogados da Ingazeira,27402,7686,35088
260020 Afrânio,5861,11725,17586
260030 Agrestina,16957,5722,22679
260040 Água Preta,18750,14345,33095
260050 Águas Belas,24564,15671,40235
260060 Alagoinha,7769,5990,13759
260070 Aliança,20247,17168,37415
260080 Altinho,12776,9577,22353
260090 Amaraji,16045,5894,21939
260100 Angelim,6087,4115,10202
260105 Araçoiaba,15268,2888,18156
260110 Araripina,46908,30394,77302
260120 Arcoverde,62668,6125,68793
260130 Barra de Guabiraba,11390,1386,12776
260140 Barreiros,33982,6750,40732
260150 Belém de Maria,7991,3362,11353
260160 Belém do São Francisco,12582,7671,20253
260170 Belo Jardim,58233,14199,72432
260180 Betânia,3712,8291,12003
260190 Bezerros,49740,8928,58668
260200 Bodocó,12824,22334,35158
260210 Bom Conselho,29779,15724,45503
260220 Bom Jardim,15195,22631,37826
260230 Bonito,26208,11358,37566
260240 Brejão,3564,5280,8844
260250 Brejinho,3386,3921,7307
260260 Brejo da Madre de Deus,35124,10056,45180
260270 Buenos Aires,7917,4620,12537
260280 Buíque,21195,30910,52105
260290 Cabo de Santo Agostinho,167783,17242,185025
260300 Cabrobó,19798,11075,30873
260310 Cachoeirinha,15205,3614,18819
260320 Caetés,7520,19057,26577
260330 Calçado,3810,7315,11125
260340 Calumbi,2180,3468,5648
260345 Camaragibe,144466,-,144466
260350 Camocim de São Félix,14327,2777,17104
260360 Camutanga,6534,1622,8156
260370 Canhotinho,14106,10415,24521
260380 Capoeiras,6263,13330,19593
260390 Carnaíba,7624,10950,18574
260392 Carnaubeira da Penha,1982,9800,11782
260400 Carpina,72056,2802,74858
260410 Caruaru,279589,35323,314912
260415 Casinhas,1704,12062,13766
260420 Catende,28861,8959,37820
260430 Cedro,6291,4487,10778
260440 Chã de Alegria,9565,2839,12404
260450 Chã Grande,13692,6445,20137
260460 Condado,22637,1645,24282
260470 Correntes,10329,7090,17419
260480 Cortês,7901,4551,12452
260490 Cumaru,8039,9144,17183
260500 Cupira,20787,2603,23390
260510 Custódia,21716,12139,33855
260515 Dormentes,6004,10913,16917
260520 Escada,53964,9553,63517
260530 Exu,16303,15333,31636
260540 Feira Nova,16313,4258,20571
260545 Fernando de Noronha,2630,-,2630
260550 Ferreiros,9162,2268,11430
260560 Flores,9364,12805,22169
260570 Floresta,19973,9312,29285
260580 Frei Miguelinho,3389,10904,14293
260590 Gameleira,19504,8408,27912
260600 Garanhuns,115356,14052,129408
260610 Glória do Goitá,15434,13585,29019
260620 Goiana,58025,17619,75644
260630 Granito,3178,3677,6855
260640 Gravatá,68385,8073,76458
260650 Iati,7718,10642,18360
260660 Ibimirim,14895,12059,26954
260670 Ibirajuba,3140,4394,7534
260680 Igarassu,93931,8090,102021
260690 Iguaracy,6110,5669,11779
260760 Ilha de Itamaracá,16993,4891,21884
260700 Inajá,7958,11123,19081
260710 Ingazeira,2456,2040,4496
260720 Ipojuca,59719,20918,80637
260730 Ipubi,17278,10842,28120
260740 Itacuruba,3708,661,4369
260750 Itaíba,9688,16568,26256
260765 Itambé,29424,5974,35398
260770 Itapetim,8426,5455,13881
260775 Itapissuma,18320,5449,23769
260780 Itaquitinga,12064,3628,15692
260790 Jaboatão dos Guararapes,630595,14025,644620
260795 Jaqueira,7082,4419,11501
260800 Jataúba,9184,6635,15819
260805 Jatobá,6082,7881,13963
260810 João Alfredo,15020,15723,30743
260820 Joaquim Nabuco,11504,4269,15773
260825 Jucati,2828,7776,10604
260830 Jupi,8356,5349,13705
260840 Jurema,8753,5788,14541
260850 Lagoa de Itaenga,17118,3541,20659
260845 Lagoa do Carro,11632,4375,16007
260860 Lagoa do Ouro,6029,6103,12132
260870 Lagoa dos Gatos,8641,6974,15615
260875 Lagoa Grande,10416,12344,22760
260880 Lajedo,26395,10233,36628
260890 Limoeiro,44560,10879,55439
260900 Macaparana,14833,9092,23925
260910 Machados,8454,5142,13596
260915 Manari,3818,14265,18083
260920 Maraial,8559,3671,12230
260930 Mirandiba,7141,7167,14308
261430 Moreilândia,6838,4294,11132
260940 Moreno,50197,6499,56696
260950 Nazaré da Mata,27182,3614,30796
260960 Olinda,370332,7447,377779
260970 Orobó,8233,14645,22878
260980 Orocó,4617,8563,13180
260990 Ouricuri,32596,31762,64358
261000 Palmares,46886,12640,59526
261010 Palmeirina,5178,3011,8189
261020 Panelas,13964,11681,25645
261030 Paranatama,2241,8760,11001
261040 Parnamirim,8377,11847,20224
261050 Passira,13945,14683,28628
261060 Paudalho,36332,15025,51357
261070 Paulista,300466,-,300466
261080 Pedra,11998,8946,20944
261090 Pesqueira,45126,17805,62931
261100 Petrolândia,23621,8871,32492
261110 Petrolina,219215,74747,293962
261120 Poção,6988,4254,11242
261130 Pombos,16011,8035,24046
261140 Primavera,8579,4860,13439
261150 Quipapá,11813,12373,24186
261153 Quixaba,2495,4244,6739
261160 Recife,1537704,-,1537704
261170 Riacho das Almas,8762,10400,19162
261180 Ribeirão,34003,10436,44439
261190 Rio Formoso,13373,8778,22151
261200 Sairé,6305,4935,11240
261210 Salgadinho,3062,6250,9312
261220 Salgueiro,45713,10916,56629
261230 Saloá,7668,7641,15309
261240 Sanharó,12500,9455,21955
261245 Santa Cruz,4447,9147,13594
261247 Santa Cruz da Baixa Verde,5277,6491,11768
261250 Santa Cruz do Capibaribe,85594,1988,87582
261255 Santa Filomena,2226,11145,13371
261260 Santa Maria da Boa Vista,14876,24559,39435
261270 Santa Maria do Cambucá,3275,9746,13021
261280 Santa Terezinha,6876,4115,10991
261290 São Benedito do Sul,7158,6783,13941
261300 São Bento do Una,27899,25343,53242
261310 São Caitano,27079,8195,35274
261320 São João,9656,11656,21312
261330 São Joaquim do Monte,14122,6366,20488
261340 São José da Coroa Grande,13436,4744,18180
261350 São José do Belmonte,16168,16449,32617
261360 São José do Egito,20960,10869,31829
261370 São Lourenço da Mata,96777,6118,102895
261380 São Vicente Ferrer,11201,5799,17000
261390 Serra Talhada,61275,17957,79232
261400 Serrita,6356,11975,18331
261410 Sertânia,18557,15230,33787
261420 Sirinhaém,21484,18812,40296
261440 Solidão,1831,3913,5744
261450 Surubim,44036,14479,58515
261460 Tabira,19769,6658,26427
261470 Tacaimbó,7085,5640,12725
261480 Tacaratu,9192,12876,22068
261485 Tamandaré,15170,5545,20715
261500 Taquaritinga do Norte,17961,6942,24903
261510 Terezinha,2860,3877,6737
261520 Terra Nova,5014,4264,9278
261530 Timbaúba,46367,7458,53825
261540 Toritama,34125,1429,35554
261550 Tracunhaém,10969,2086,13055
261560 Trindade,22464,3652,26116
261570 Triunfo,7944,7062,15006
261580 Tupanatinga,8534,15891,24425
261590 Tuparetama,6351,1574,7925
261600 Venturosa,10343,5709,16052
261610 Verdejante,2692,6450,9142
261618 Vertente do Lério,1813,6060,7873
261620 Vertentes,12941,5281,18222
261630 Vicência,13805,16927,30732
261640 Vitória de Santo Antão,113429,16545,129974
261650 Xexéu,9170,4923,14093
270010 Água Branca,5101,14276,19377
270020 Anadia,8949,8475,17424
270030 Arapiraca,181481,32525,214006
270040 Atalaia,22457,21865,44322
270050 Barra de Santo Antônio,13242,988,14230
270060 Barra de São Miguel,6521,1053,7574
270070 Batalha,12042,5034,17076
270080 Belém,1872,2679,4551
270090 Belo Monte,1171,5859,7030
270100 Boca da Mata,17450,8326,25776
270110 Branquinha,6673,3910,10583
270120 Cacimbinhas,5402,4793,10195
270130 Cajueiro,16484,3925,20409
270135 Campestre,5540,1058,6598
270140 Campo Alegre,22161,28655,50816
270150 Campo Grande,4185,4847,9032
270160 Canapi,5538,11712,17250
270170 Capela,12650,4427,17077
270180 Carneiros,4702,3588,8290
270190 Chã Preta,4488,2658,7146
270200 Coité do Nóia,3737,7189,10926
270210 Colônia Leopoldina,15319,4700,20019
270220 Coqueiro Seco,4973,553,5526
270230 Coruripe,46043,6087,52130
270235 Craíbas,7328,15313,22641
270240 Delmiro Gouveia,34854,13242,48096
270250 Dois Riachos,5085,5795,10880
270255 Estrela de Alagoas,4029,13222,17251
270260 Feira Grande,3421,17900,21321
270270 Feliz Deserto,3481,864,4345
270280 Flexeiras,8017,4308,12325
270290 Girau do Ponciano,11298,25302,36600
270300 Ibateguara,9335,5814,15149
270310 Igaci,6184,19004,25188
270320 Igreja Nova,4775,18517,23292
270330 Inhapi,6699,11199,17898
270340 Jacaré dos Homens,3032,2381,5413
270350 Jacuípe,4355,2642,6997
270360 Japaratinga,3308,4446,7754
270370 Jaramataia,2913,2645,5558
270375 Jequiá da Praia,2879,9150,12029
270380 Joaquim Gomes,14477,8098,22575
270390 Jundiá,2827,1375,4202
270400 Junqueiro,7803,16033,23836
270410 Lagoa da Canoa,9165,9085,18250
270420 Limoeiro de Anadia,2246,24746,26992
270430 Maceió,932129,619,932748
270440 Major Isidoro,9306,9591,18897
270490 Mar Vermelho,1638,2014,3652
270450 Maragogi,18625,10124,28749
270460 Maravilha,5137,5147,10284
270470 Marechal Deodoro,43392,2585,45977
270480 Maribondo,9978,3641,13619
270500 Mata Grande,5674,19024,24698
270510 Matriz de Camaragibe,22096,1689,23785
270520 Messias,14263,1419,15682
270530 Minador do Negrão,2252,3023,5275
270540 Monteirópolis,2515,4420,6935
270550 Murici,22108,4602,26710
270560 Novo Lino,7328,4732,12060
270570 Olho d'Água das Flores,13989,6375,20364
270580 Olho d'Água do Casado,4027,4464,8491
270590 Olho d'Água Grande,1203,3754,4957
270600 Olivença,3137,7910,11047
270610 Ouro Branco,6880,4032,10912
270620 Palestina,3237,1875,5112
270630 Palmeira dos Índios,51610,18758,70368
270640 Pão de Açúcar,10769,13042,23811
270642 Pariconha,2796,7468,10264
270644 Paripueira,10049,1298,11347
270650 Passo de Camaragibe,7228,7535,14763
270660 Paulo Jacinto,4908,2518,7426
270670 Penedo,45020,15358,60378
270680 Piaçabuçu,10436,6767,17203
270690 Pilar,31801,1504,33305
270700 Pindoba,1637,1229,2866
270710 Piranhas,13189,9856,23045
270720 Poço das Trincheiras,2043,11829,13872
270730 Porto Calvo,20197,5511,25708
270740 Porto de Pedras,4798,3631,8429
270750 Porto Real do Colégio,6606,12728,19334
270760 Quebrangulo,6474,5006,11480
270770 Rio Largo,55947,12534,68481
270780 Roteiro,5830,826,6656
270790 Santa Luzia do Norte,6172,719,6891
270800 Santana do Ipanema,27185,17747,44932
270810 Santana do Mundaú,5658,5303,10961
270820 São Brás,3183,3535,6718
270830 São José da Laje,15391,7295,22686
270840 São José da Tapera,11637,18451,30088
270850 São Luís do Quitunde,20588,11824,32412
270860 São Miguel dos Campos,52566,2011,54577
270870 São Miguel dos Milagres,2261,4902,7163
270880 São Sebastião,12309,19701,32010
270890 Satuba,12792,1811,14603
270895 Senador Rui Palmeira,3944,9103,13047
270900 Tanque d'Arca,2140,3982,6122
270910 Taquarana,7314,11706,19020
270915 Teotônio Vilela,34785,6367,41152
270920 Traipu,8027,17675,25702
270930 União dos Palmares,47651,14707,62358
270940 Viçosa,18313,7094,25407
280010 Amparo de São Francisco,1840,435,2275
280020 Aquidabã,11457,8599,20056
280030 Aracaju,571149,-,571149
280040 Arauá,4487,6391,10878
280050 Areia Branca,8191,8666,16857
280060 Barra dos Coqueiros,20886,4090,24976
280067 Boquim,15994,9539,25533
280070 Brejo Grande,4022,3720,7742
280100 Campo do Brito,8330,8419,16749
280110 Canhoba,1499,2457,3956
280120 Canindé de São Francisco,14063,10623,24686
280130 Capela,19742,11019,30761
280140 Carira,11167,8840,20007
280150 Carmópolis,10716,2787,13503
280160 Cedro de São João,5035,598,5633
280170 Cristinápolis,8336,8183,16519
280190 Cumbe,2271,1542,3813
280200 Divina Pastora,2099,2227,4326
280210 Estância,54760,9649,64409
280220 Feira Nova,3587,1737,5324
280230 Frei Paulo,8213,5661,13874
280240 Gararu,2832,8573,11405
280250 General Maynard,1843,1086,2929
280260 Gracho Cardoso,2703,2942,5645
280270 Ilha das Flores,5435,2913,8348
280280 Indiaroba,5585,10246,15831
280290 Itabaiana,67709,19258,86967
280300 Itabaianinha,19409,19501,38910
280310 Itabi,2752,2220,4972
280320 Itaporanga d'Ajuda,11869,18550,30419
280330 Japaratuba,7903,8961,16864
280340 Japoatã,4312,8626,12938
280350 Lagarto,48867,45994,94861
280360 Laranjeiras,21257,5645,26902
280370 Macambira,3063,3338,6401
280380 Malhada dos Bois,1600,1856,3456
280390 Malhador,5626,6416,12042
280400 Maruim,12041,4302,16343
280410 Moita Bonita,4600,6401,11001
280420 Monte Alegre de Sergipe,8043,5584,13627
280430 Muribeca,3288,4056,7344
280440 Neópolis,10517,7989,18506
280445 Nossa Senhora Aparecida,3455,5053,8508
280450 Nossa Senhora da Glória,21617,10880,32497
280460 Nossa Senhora das Dores,16027,8553,24580
280470 Nossa Senhora de Lourdes,3291,2947,6238
280480 Nossa Senhora do Socorro,155823,5004,160827
280490 Pacatuba,2688,10449,13137
280500 Pedra Mole,1197,1777,2974
280510 Pedrinhas,6471,2362,8833
280520 Pinhão,3319,2654,5973
280530 Pirambu,4906,3463,8369
280540 Poço Redondo,8538,22342,30880
280550 Poço Verde,12312,9671,21983
280560 Porto da Folha,9955,17191,27146
280570 Propriá,24390,4061,28451
280580 Riachão do Dantas,4872,14514,19386
280590 Riachuelo,7855,1500,9355
280600 Ribeirópolis,11928,5245,17173
280610 Rosário do Catete,6509,2712,9221
280620 Salgado,6694,12671,19365
280630 Santa Luzia do Itanhy,2915,10054,12969
280650 Santa Rosa de Lima,2137,1612,3749
280640 Santana do São Francisco,4523,2515,7038
280660 Santo Amaro das Brotas,8211,3199,11410
280670 São Cristóvão,66665,12199,78864
280680 São Domingos,5147,5124,10271
280690 São Francisco,2379,1014,3393
280700 São Miguel do Aleixo,1747,1951,3698
280710 Simão Dias,20426,18276,38702
280720 Siriri,3181,4823,8004
280730 Telha,1127,1830,2957
280740 Tobias Barreto,32228,15812,48040
280750 Tomar do Geru,4812,8043,12855
280760 Umbaúba,13923,8511,22434
290010 Abaíra,3736,4580,8316
290020 Abaré,9029,8035,17064
290030 Acajutiba,12774,1879,14653
290035 Adustina,5572,10130,15702
290040 Água Fria,5777,9954,15731
290060 Aiquara,2680,1922,4602
290070 Alagoinhas,124042,17907,141949
290080 Alcobaça,11085,10186,21271
290090 Almadina,5080,1277,6357
290100 Amargosa,24891,9460,34351
290110 Amélia Rodrigues,19957,5233,25190
290115 América Dourada,10832,5129,15961
290120 Anagé,4924,20592,25516
290130 Andaraí,7773,6187,13960
290135 Andorinha,6208,8206,14414
290140 Angical,6531,7542,14073
290150 Anguera,4326,5916,10242
290160 Antas,6360,10712,17072
290170 Antônio Cardoso,3225,8329,11554
290180 Antônio Gonçalves,5783,5232,11015
290190 Aporá,8505,9226,17731
290195 Apuarema,5117,2342,7459
290205 Araças,5807,5754,11561
290200 Aracatu,3938,9805,13743
290210 Araci,19638,32013,51651
290220 Aramari,5125,4911,10036
290225 Arataca,5588,4804,10392
290230 Aratuípe,5513,3086,8599
290240 Aurelino Leal,11426,2169,13595
290250 Baianópolis,3482,10368,13850
290260 Baixa Grande,8338,11722,20060
290265 Banzaê,4042,7772,11814
290270 Barra,22446,26879,49325
290280 Barra da Estiva,10404,10783,21187
290290 Barra do Choça,22407,12381,34788
290300 Barra do Mendes,6256,7731,13987
290310 Barra do Rocha,3806,2507,6313
290320 Barreiras,123741,13686,137427
290323 Barro Alto,6712,6900,13612
290330 Barro Preto,5295,1158,6453
290327 Barrocas,5695,8496,14191
290340 Belmonte,11420,10378,21798
290350 Belo Campo,9029,6992,16021
290360 Biritinga,3517,11319,14836
290370 Boa Nova,5804,9607,15411
290380 Boa Vista do Tupim,6593,11398,17991
290390 Bom Jesus da Lapa,43099,20381,63480
290395 Bom Jesus da Serra,2768,7345,10113
290400 Boninal,4607,9088,13695
290405 Bonito,6232,8602,14834
290410 Boquira,7364,14673,22037
290420 Botuporã,4076,7078,11154
290430 Brejões,4937,9345,14282
290440 Brejolândia,1984,9093,11077
290450 Brotas de Macaúbas,3118,7599,10717
290460 Brumado,45131,19471,64602
290470 Buerarema,15277,3328,18605
290475 Buritirama,7905,11695,19600
290480 Caatiba,5398,6022,11420
290485 Cabaceiras do Paraguaçu,4644,12683,17327
290490 Cachoeira,16387,15639,32026
290500 Caculé,13309,8927,22236
290510 Caém,3655,6713,10368
290515 Caetanos,3291,10348,13639
290520 Caetité,28447,19068,47515
290530 Cafarnaum,10563,6646,17209
290540 Cairu,8147,7227,15374
290550 Caldeirão Grande,4558,7933,12491
290560 Camacan,24685,6787,31472
290570 Camaçari,231973,10997,242970
290580 Camamu,15618,19562,35180
290590 Campo Alegre de Lourdes,8126,19964,28090
290600 Campo Formoso,24863,41753,66616
290610 Canápolis,3225,6185,9410
290620 Canarana,11455,12612,24067
290630 Canavieiras,25903,6433,32336
290640 Candeal,3476,5419,8895
290650 Candeias,75994,7164,83158
290660 Candiba,7725,5485,13210
290670 Cândido Sales,19286,8632,27918
290680 Cansanção,11021,21887,32908
290682 Canudos,8698,7034,15732
290685 Capela do Alto Alegre,5595,5932,11527
290687 Capim Grosso,21762,4815,26577
290689 Caraíbas,2513,7709,10222
290690 Caravelas,11309,10105,21414
290700 Cardeal da Silva,2901,5998,8899
290710 Carinhanha,12585,15795,28380
290720 Casa Nova,37543,27397,64940
290730 Castro Alves,15686,9722,25408
290740 Catolândia,967,1645,2612
290750 Catu,42755,8322,51077
290755 Caturama,2374,6469,8843
290760 Central,8157,8856,17013
290770 Chorrochó,2631,8103,10734
290780 Cícero Dantas,17726,14574,32300
290790 Cipó,11287,4468,15755
290800 Coaraci,19130,1834,20964
290810 Cocos,8572,9581,18153
290820 Conceição da Feira,13137,7254,20391
290830 Conceição do Almeida,7926,9963,17889
290840 Conceição do Coité,36278,25762,62040
290850 Conceição do Jacuípe,23539,6584,30123
290860 Conde,12129,11491,23620
290870 Condeúba,7462,9436,16898
290880 Contendas do Sincorá,2297,2366,4663
290890 Coração de Maria,9400,13001,22401
290900 Cordeiros,2551,5617,8168
290910 Coribe,6141,8166,14307
290920 Coronel João Sá,7043,10023,17066
290930 Correntina,12604,18645,31249
290940 Cotegipe,6648,6988,13636
290950 Cravolândia,3180,1861,5041
290960 Crisópolis,8612,11434,20046
290970 Cristópolis,3133,10147,13280
290980 Cruz das Almas,49885,8721,58606
290990 Curaçá,13719,18449,32168
291000 Dário Meira,5090,7746,12836
291005 Dias d'Ávila,62473,3967,66440
291010 Dom Basílio,2241,9114,11355
291020 Dom Macedo Costa,1761,2113,3874
291030 Elísio Medrado,3248,4699,7947
291040 Encruzilhada,5130,18636,23766
291050 Entre Rios,23840,16032,39872
290050 Érico Cardoso,2016,8843,10859
291060 Esplanada,20822,11980,32802
291070 Euclides da Cunha,27416,28873,56289
291072 Eunápolis,93413,6783,100196
291075 Fátima,6916,10736,17652
291077 Feira da Mata,3243,2941,6184
291080 Feira de Santana,510635,46007,556642
291085 Filadélfia,9022,7718,16740
291090 Firmino Alves,4337,1047,5384
291100 Floresta Azul,7343,3317,10660
291110 Formosa do Rio Preto,13647,8881,22528
291120 Gandu,24848,5488,30336
291125 Gavião,2538,2023,4561
291130 Gentio do Ouro,5350,5272,10622
291140 Glória,2827,12249,15076
291150 Gongogi,5358,2999,8357
291160 Governador Mangabeira,7417,12401,19818
291165 Guajeru,2077,8335,10412
291170 Guanambi,62565,16268,78833
291180 Guaratinga,10425,11740,22165
291185 Heliópolis,5428,7764,13192
291190 Iaçu,20168,5568,25736
291200 Ibiassucê,4706,5356,10062
291210 Ibicaraí,17885,6387,24272
291220 Ibicoara,10961,6321,17282
291230 Ibicuí,11964,3821,15785
291240 Ibipeba,10049,6959,17008
291250 Ibipitanga,5155,9016,14171
291260 Ibiquera,2461,2405,4866
291270 Ibirapitanga,6163,16435,22598
291280 Ibirapuã,4532,3424,7956
291290 Ibirataia,15742,3201,18943
291300 Ibitiara,3437,12071,15508
291310 Ibititá,8338,9502,17840
291320 Ibotirama,19501,5923,25424
291330 Ichu,3365,1890,5255
291340 Igaporã,7864,7341,15205
291345 Igrapiúna,4275,9068,13343
291350 Iguaí,14580,11125,25705
291360 Ilhéus,155281,28955,184236
291370 Inhambupe,15635,20671,36306
291380 Ipecaetá,2637,12694,15331
291390 Ipiaú,40384,4006,44390
291400 Ipirá,29009,30334,59343
291410 Ipupiara,5979,3306,9285
291420 Irajuba,3273,3729,7002
291430 Iramaia,5404,6586,11990
291440 Iraquara,6757,15844,22601
291450 Irará,11246,16220,27466
291460 Irecê,61019,5162,66181
291465 Itabela,21384,7006,28390
291470 Itaberaba,48485,13146,61631
291480 Itabuna,199643,5024,204667
291490 Itacaré,13642,10676,24318
291500 Itaeté,6209,8715,14924
291510 Itagi,10210,2841,13051
291520 Itagibá,9572,5621,15193
291530 Itagimirim,5649,1461,7110
291535 Itaguaçu da Bahia,2598,10611,13209
291540 Itaju do Colônia,5860,1449,7309
291550 Itajuípe,16839,4242,21081
291560 Itamaraju,49785,13284,63069
291570 Itamari,5839,2064,7903
291580 Itambé,19698,3391,23089
291590 Itanagra,2327,5271,7598
291600 Itanhém,14206,6010,20216
291610 Itaparica,20725,-,20725
291620 Itapé,7180,3815,10995
291630 Itapebi,8268,2227,10495
291640 Itapetinga,66276,1997,68273
291650 Itapicuru,6675,25586,32261
291660 Itapitanga,7591,2616,10207
291670 Itaquara,4608,3070,7678
291680 Itarantim,15302,3237,18539
291685 Itatim,10112,4410,14522
291690 Itiruçu,9526,3167,12693
291700 Itiúba,9699,26414,36113
291710 Itororó,18100,1814,19914
291720 Ituaçu,6569,11558,18127
291730 Ituberá,19252,7339,26591
291733 Iuiú,5284,5616,10900
291735 Jaborandi,3040,5933,8973
291740 Jacaraci,4923,8728,13651
291750 Jacobina,55868,23379,79247
291760 Jaguaquara,38850,12161,51011
291770 Jaguarari,16612,13731,30343
291780 Jaguaripe,5298,11169,16467
291790 Jandaíra,6147,4184,10331
291800 Jequié,139426,12469,151895
291810 Jeremoabo,17437,20243,37680
291820 Jiquiriçá,5581,8537,14118
291830 Jitaúna,9260,4855,14115
291835 João Dourado,13569,8980,22549
291840 Juazeiro,160775,37190,197965
291845 Jucuruçu,2292,7998,10290
291850 Jussara,10052,5000,15052
291855 Jussari,4876,1598,6474
291860 Jussiape,3068,4963,8031
291870 Lafaiete Coutinho,2104,1797,3901
291875 Lagoa Real,2808,11126,13934
291880 Laje,6080,16121,22201
291890 Lajedão,2076,1657,3733
291900 Lajedinho,1245,2691,3936
291905 Lajedo do Tabocal,5149,3156,8305
291910 Lamarão,2085,7475,9560
291915 Lapão,10050,15596,25646
291920 Lauro de Freitas,163449,-,163449
291930 Lençóis,8037,2331,10368
291940 Licínio de Almeida,6253,6058,12311
291950 Livramento de Nossa Senhora,20530,22163,42693
291955 Luís Eduardo Magalhães,54881,5224,60105
291960 Macajuba,6871,4358,11229
291970 Macarani,13639,3454,17093
291980 Macaúbas,15411,31640,47051
291990 Macururé,2860,5213,8073
291992 Madre de Deus,16854,522,17376
291995 Maetinga,2817,4221,7038
292000 Maiquinique,6916,1866,8782
292010 Mairi,11115,8211,19326
292020 Malhada,6559,9455,16014
292030 Malhada de Pedras,3234,5234,8468
292040 Manoel Vitorino,7359,7028,14387
292045 Mansidão,4782,7810,12592
292050 Maracás,17707,6906,24613
292060 Maragogipe,25093,17722,42815
292070 Maraú,3561,15540,19101
292080 Marcionílio Souza,5312,5188,10500
292090 Mascote,11679,2961,14640
292100 Mata de São João,29825,10358,40183
292105 Matina,3473,7672,11145
292110 Medeiros Neto,17064,4496,21560
292120 Miguel Calmon,16066,10409,26475
292130 Milagres,7789,2517,10306
292140 Mirangaba,7879,8400,16279
292145 Mirante,1809,8698,10507
292150 Monte Santo,8845,43493,52338
292160 Morpará,5538,2742,8280
292170 Morro do Chapéu,20267,14897,35164
292180 Mortugaba,5887,6590,12477
292190 Mucugê,4180,6365,10545
292200 Mucuri,27492,8534,36026
292205 Mulungu do Morro,5919,6330,12249
292210 Mundo Novo,13564,10831,24395
292220 Muniz Ferreira,3394,3923,7317
292225 Muquém de São Francisco,1283,8989,10272
292230 Muritiba,18040,10859,28899
292240 Mutuípe,9659,11790,21449
292250 Nazaré,22864,4410,27274
292260 Nilo Peçanha,3105,9425,12530
292265 Nordestina,3921,8450,12371
292270 Nova Canaã,6852,9861,16713
292273 Nova Fátima,5074,2528,7602
292275 Nova Ibiá,2807,3841,6648
292280 Nova Itarana,2715,4720,7435
292285 Nova Redenção,5237,2797,8034
292290 Nova Soure,11730,12406,24136
292300 Nova Viçosa,33526,5030,38556
292303 Novo Horizonte,3505,7168,10673
292305 Novo Triunfo,7503,7548,15051
292310 Olindina,12773,12170,24943
292320 Oliveira dos Brejinhos,6584,15247,21831
292330 Ouriçangas,2762,5536,8298
292335 Ourolândia,6341,10084,16425
292340 Palmas de Monte Alto,9832,10943,20775
292350 Palmeiras,5239,3171,8410
292360 Paramirim,10029,10972,21001
292370 Paratinga,10905,18599,29504
292380 Paripiranga,9533,18245,27778
292390 Pau Brasil,7382,3470,10852
292400 Paulo Afonso,93404,14992,108396
292405 Pé de Serra,5174,8578,13752
292410 Pedrão,1716,5160,6876
292420 Pedro Alexandre,2786,14209,16995
292430 Piatã,7612,10370,17982
292440 Pilão Arcado,11027,21833,32860
292450 Pindaí,4319,11309,15628
292460 Pindobaçu,11237,8884,20121
292465 Pintadas,5840,4502,10342
292467 Piraí do Norte,3689,6110,9799
292470 Piripá,6195,6588,12783
292480 Piritiba,15162,7237,22399
292490 Planaltino,3640,5182,8822
292500 Planalto,14869,9612,24481
292510 Poções,34659,10042,44701
292520 Pojuca,28378,4688,33066
292525 Ponto Novo,8405,7337,15742
292530 Porto Seguro,104078,22851,126929
292540 Potiraguá,6604,3206,9810
292550 Prado,15474,12153,27627
292560 Presidente Dutra,9056,4694,13750
292570 Presidente Jânio Quadros,4198,9454,13652
292575 Presidente Tancredo Neves,9569,14277,23846
292580 Queimadas,12492,12110,24602
292590 Quijingue,6377,20851,27228
292593 Quixabeira,3663,5891,9554
292595 Rafael Jambeiro,6850,16024,22874
292600 Remanso,23470,15487,38957
292610 Retirolândia,6722,5333,12055
292620 Riachão das Neves,10744,11193,21937
292630 Riachão do Jacuípe,19860,13312,33172
292640 Riacho de Santana,13091,17555,30646
292650 Ribeira do Amparo,1921,12355,14276
292660 Ribeira do Pombal,29756,17762,47518
292665 Ribeirão do Largo,4647,3955,8602
292670 Rio de Contas,6309,6698,13007
292680 Rio do Antônio,5993,8822,14815
292690 Rio do Pires,5267,6651,11918
292700 Rio Real,23310,13854,37164
292710 Rodelas,6540,1235,7775
292720 Ruy Barbosa,22093,7794,29887
292730 Salinas da Margarida,5960,7496,13456
292740 Salvador,2674923,733,2675656
292750 Santa Bárbara,8669,10395,19064
292760 Santa Brígida,5611,9449,15060
292770 Santa Cruz Cabrália,19002,7262,26264
292780 Santa Cruz da Vitória,5076,1597,6673
292790 Santa Inês,9514,849,10363
292805 Santa Luzia,8072,5272,13344
292810 Santa Maria da Vitória,23816,16493,40309
292840 Santa Rita de Cássia,14907,11343,26250
292850 Santa Teresinha,2334,7314,9648
292800 Santaluz,20795,13043,33838
292820 Santana,13483,11267,24750
292830 Santanópolis,1684,7092,8776
292860 Santo Amaro,44766,13034,57800
292870 Santo Antônio de Jesus,79299,11686,90985
292880 Santo Estêvão,27690,20190,47880
292890 São Desidério,8633,19026,27659
292895 São Domingos,5916,3310,9226
292910 São Felipe,9820,10485,20305
292900 São Félix,9265,4833,14098
292905 São Félix do Coribe,10587,2461,13048
292920 São Francisco do Conde,27391,5792,33183
292925 São Gabriel,10494,7933,18427
292930 São Gonçalo dos Campos,16505,16778,33283
292935 São José da Vitória,5162,553,5715
292937 São José do Jacuípe,6991,3189,10180
292940 São Miguel das Matas,3360,7054,10414
292950 São Sebastião do Passé,33112,9041,42153
292960 Sapeaçu,8084,8501,16585
292970 Sátiro Dias,4332,14632,18964
292975 Saubara,10948,253,11201
292980 Saúde,6646,5199,11845
292990 Seabra,20277,21521,41798
293000 Sebastião Laranjeiras,4084,6287,10371
293010 Senhor do Bonfim,57566,16853,74419
293020 Sento Sé,21676,15749,37425
293015 Serra do Ramalho,6274,25364,31638
293030 Serra Dourada,6002,12110,18112
293040 Serra Preta,6920,8481,15401
293050 Serrinha,47188,29574,76762
293060 Serrolândia,7279,5065,12344
293070 Simões Filho,105811,12236,118047
293075 Sítio do Mato,6866,5184,12050
293076 Sítio do Quinto,5172,7420,12592
293077 Sobradinho,20002,1998,22000
293080 Souto Soares,6039,9860,15899
293090 Tabocas do Brejo Velho,3932,7499,11431
293100 Tanhaçu,8290,11723,20013
293105 Tanque Novo,7317,8811,16128
293110 Tanquinho,5711,2297,8008
293120 Taperoá,8725,10023,18748
293130 Tapiramutá,12784,3732,16516
293135 Teixeira de Freitas,129263,9078,138341
293140 Teodoro Sampaio,6341,1554,7895
293150 Teofilândia,6692,14790,21482
293160 Teolândia,5068,9768,14836
293170 Terra Nova,11488,1315,12803
293180 Tremedal,3939,13090,17029
293190 Tucano,21958,30460,52418
293200 Uauá,10761,13533,24294
293210 Ubaíra,8822,10928,19750
293220 Ubaitaba,17598,3093,20691
293230 Ubatã,17951,7053,25004
293240 Uibaí,8311,5314,13625
293245 Umburanas,7510,9490,17000
293250 Una,15030,9080,24110
293260 Urandi,5939,10527,16466
293270 Uruçuca,15779,4058,19837
293280 Utinga,12810,5363,18173
293290 Valença,64368,24305,88673
293300 Valente,13487,11073,24560
293305 Várzea da Roça,6481,7305,13786
293310 Várzea do Poço,5789,2872,8661
293315 Várzea Nova,8553,4520,13073
293317 Varzedo,3364,5745,9109
293320 Vera Cruz,35244,2323,37567
293325 Vereda,1379,5421,6800
293330 Vitória da Conquista,274739,32127,306866
293340 Wagner,6482,2501,8983
293345 Wanderley,5878,6607,12485
293350 Wenceslau Guimarães,7511,14678,22189
293360 Xique-Xique,32541,12995,45536
310010 Abadia dos Dourados,4189,2515,6704
310020 Abaeté,19704,2986,22690
310030 Abre Campo,7281,6030,13311
310040 Acaiaca,2553,1367,3920
310050 Açucena,4805,5471,10276
310060 Água Boa,7035,8160,15195
310070 Água Comprida,1520,505,2025
310080 Aguanil,2345,1709,4054
310090 Águas Formosas,14318,4161,18479
310100 Águas Vermelhas,8941,3781,12722
310110 Aimorés,19700,5259,24959
310120 Aiuruoca,3123,3039,6162
310130 Alagoa,1110,1599,2709
310140 Albertina,2012,901,2913
310150 Além Paraíba,32067,2282,34349
310160 Alfenas,69176,4598,73774
310163 Alfredo Vasconcelos,4031,2044,6075
310170 Almenara,31750,7025,38775
310180 Alpercata,5660,1512,7172
310190 Alpinópolis,14990,3498,18488
310200 Alterosa,10002,3715,13717
310205 Alto Caparaó,3964,1333,5297
315350 Alto Jequitibá,4300,4018,8318
310210 Alto Rio Doce,5070,7089,12159
310220 Alvarenga,2119,2325,4444
310230 Alvinópolis,11433,3828,15261
310240 Alvorada de Minas,1450,2096,3546
310250 Amparo do Serra,2642,2411,5053
310260 Andradas,28026,9244,37270
310280 Andrelândia,9810,2363,12173
310285 Angelândia,4036,3967,8003
310290 Antônio Carlos,7826,3288,11114
310300 Antônio Dias,4672,4893,9565
310310 Antônio Prado de Minas,1003,668,1671
310320 Araçaí,1783,460,2243
310330 Aracitaba,1641,417,2058
310340 Araçuaí,23435,12578,36013
310350 Araguari,102583,7218,109801
310360 Arantina,2633,190,2823
310370 Araponga,3041,5111,8152
310375 Araporã,5898,246,6144
310380 Arapuá,2088,687,2775
310390 Araújos,6812,1071,7883
310400 Araxá,92284,1388,93672
310410 Arceburgo,8179,1330,9509
310420 Arcos,33961,2636,36597
310430 Areado,11525,2206,13731
310440 Argirita,2192,709,2901
310445 Aricanduva,1695,3075,4770
310450 Arinos,10854,6820,17674
310460 Astolfo Dutra,11882,1167,13049
310470 Ataléia,7199,7256,14455
310480 Augusto de Lima,2924,2036,4960
310490 Baependi,13247,5060,18307
310500 Baldim,5067,2846,7913
310510 Bambuí,19325,3409,22734
310520 Bandeira,2377,2610,4987
310530 Bandeira do Sul,4870,468,5338
310540 Barão de Cocais,25786,2656,28442
310550 Barão de Monte Alto,4117,1603,5720
310560 Barbacena,115568,10716,126284
310570 Barra Longa,2313,3830,6143
310590 Barroso,18979,620,19599
310600 Bela Vista de Minas,9378,626,10004
310610 Belmiro Braga,1099,2304,3403
310620 Belo Horizonte,2375151,-,2375151
310630 Belo Oriente,19682,3715,23397
310640 Belo Vale,3295,4241,7536
310650 Berilo,3888,8412,12300
310665 Berizal,2485,1885,4370
310660 Bertópolis,2731,1767,4498
310670 Betim,375331,2758,378089
310680 Bias Fortes,1499,2294,3793
310690 Bicas,12957,696,13653
310700 Biquinhas,1639,991,2630
310710 Boa Esperança,32191,6325,38516
310720 Bocaina de Minas,2396,2611,5007
310730 Bocaiúva,36600,10054,46654
310740 Bom Despacho,42963,2661,45624
310750 Bom Jardim de Minas,5576,925,6501
310760 Bom Jesus da Penha,2825,1062,3887
310770 Bom Jesus do Amparo,2516,2975,5491
310780 Bom Jesus do Galho,10024,5340,15364
310790 Bom Repouso,5679,4778,10457
310800 Bom Sucesso,14194,3049,17243
310810 Bonfim,3332,3486,6818
310820 Bonfinópolis de Minas,4137,1728,5865
310825 Bonito de Minas,2209,7464,9673
310830 Borda da Mata,13718,3400,17118
310840 Botelhos,11366,3554,14920
310850 Botumirim,3470,3027,6497
310870 Brás Pires,2223,2414,4637
310855 Brasilândia de Minas,12372,1854,14226
310860 Brasília de Minas,20675,10538,31213
310880 Braúnas,1593,3437,5030
310890 Brazópolis,7891,6770,14661
310900 Brumadinho,28642,5331,33973
310910 Bueno Brandão,5674,5218,10892
310920 Buenópolis,7767,2525,10292
310925 Bugre,1531,2461,3992
310930 Buritis,16100,6637,22737
310940 Buritizeiro,23630,3292,26922
310945 Cabeceira Grande,5297,1156,6453
310950 Cabo Verde,7627,6196,13823
310960 Cachoeira da Prata,3528,126,3654
310970 Cachoeira de Minas,7064,3970,11034
310270 Cachoeira de Pajeú,4461,4498,8959
310980 Cachoeira Dourada,2225,280,2505
310990 Caetanópolis,8389,1829,10218
311000 Caeté,35436,5314,40750
311010 Caiana,2618,2350,4968
311020 Cajuri,2096,1951,4047
311030 Caldas,7739,5894,13633
311040 Camacho,1458,1696,3154
311050 Camanducaia,15469,5611,21080
311060 Cambuí,22359,4129,26488
311070 Cambuquira,10457,2145,12602
311080 Campanário,2651,913,3564
311090 Campanha,13326,2107,15433
311100 Campestre,10959,9727,20686
311110 Campina Verde,14433,4891,19324
311115 Campo Azul,1551,2133,3684
311120 Campo Belo,48626,2918,51544
311130 Campo do Meio,10059,1417,11476
311140 Campo Florido,5208,1662,6870
311150 Campos Altos,12913,1293,14206
311160 Campos Gerais,19156,8444,27600
311190 Cana Verde,4068,1521,5589
311170 Canaã,1859,2769,4628
311180 Canápolis,10180,1185,11365
311200 Candeias,10206,4389,14595
311205 Cantagalo,2479,1716,4195
311210 Caparaó,2006,3203,5209
311220 Capela Nova,2132,2623,4755
311230 Capelinha,24753,10050,34803
311240 Capetinga,5919,1170,7089
311250 Capim Branco,8090,791,8881
311260 Capinópolis,14302,988,15290
311265 Capitão Andrade,3573,1352,4925
311270 Capitão Enéas,11520,2686,14206
311280 Capitólio,6502,1681,8183
311290 Caputira,3779,5251,9030
311300 Caraí,7191,15152,22343
311310 Caranaíba,1176,2112,3288
311320 Carandaí,18205,5141,23346
311330 Carangola,26059,6237,32296
311340 Caratinga,70474,14765,85239
311350 Carbonita,6738,2410,9148
311360 Careaçu,4702,1596,6298
311370 Carlos Chagas,12964,7105,20069
311380 Carmésia,1311,1135,2446
311390 Carmo da Cachoeira,8966,2870,11836
311400 Carmo da Mata,8610,2317,10927
311410 Carmo de Minas,10189,3561,13750
311420 Carmo do Cajuru,17340,2672,20012
311430 Carmo do Paranaíba,25200,4535,29735
311440 Carmo do Rio Claro,14362,6064,20426
311450 Carmópolis de Minas,11821,5227,17048
311455 Carneirinho,6975,2496,9471
311460 Carrancas,2612,1336,3948
311470 Carvalhópolis,2459,882,3341
311480 Carvalhos,2437,2119,4556
311490 Casa Grande,1122,1122,2244
311500 Cascalho Rico,1796,1061,2857
311510 Cássia,14221,3191,17412
311530 Cataguases,66780,2977,69757
311535 Catas Altas,4240,606,4846
311540 Catas Altas da Noruega,1429,2033,3462
311545 Catuji,1692,5016,6708
311547 Catuti,2978,2124,5102
311550 Caxambu,21252,453,21705
311560 Cedro do Abaeté,1033,177,1210
311570 Central de Minas,5594,1178,6772
311580 Centralina,9314,952,10266
311590 Chácara,1903,889,2792
311600 Chalé,2784,2861,5645
311610 Chapada do Norte,5694,9495,15189
311615 Chapada Gaúcha,5761,5044,10805
311620 Chiador,1486,1299,2785
311630 Cipotânea,3014,3533,6547
311640 Claraval,2530,2012,4542
311650 Claro dos Poções,5251,2524,7775
311660 Cláudio,21154,4617,25771
311670 Coimbra,5156,1898,7054
311680 Coluna,3814,5210,9024
311690 Comendador Gomes,1508,1464,2972
311700 Comercinho,3547,4751,8298
311710 Conceição da Aparecida,6199,3621,9820
311520 Conceição da Barra de Minas,2793,1161,3954
311730 Conceição das Alagoas,20880,2163,23043
311720 Conceição das Pedras,1509,1240,2749
311740 Conceição de Ipanema,1523,2933,4456
311750 Conceição do Mato Dentro,12269,5639,17908
311760 Conceição do Pará,2015,3143,5158
311770 Conceição do Rio Verde,11454,1495,12949
311780 Conceição dos Ouros,8123,2265,10388
311783 Cônego Marinho,1915,5186,7101
311787 Confins,5936,-,5936
311790 Congonhal,7755,2713,10468
311800 Congonhas,47236,1283,48519
311810 Congonhas do Norte,2598,2345,4943
311820 Conquista,5671,855,6526
311830 Conselheiro Lafaiete,111266,5246,116512
311840 Conselheiro Pena,17601,4641,22242
311850 Consolação,950,777,1727
311860 Contagem,601400,2042,603442
311870 Coqueiral,6588,2701,9289
311880 Coração de Jesus,14766,11267,26033
311890 Cordisburgo,5961,2706,8667
311900 Cordislândia,2757,678,3435
311910 Corinto,21194,2720,23914
311920 Coroaci,5181,5089,10270
311930 Coromandel,21665,5882,27547
311940 Coronel Fabriciano,102395,1299,103694
311950 Coronel Murta,6693,2424,9117
311960 Coronel Pacheco,2145,838,2983
311970 Coronel Xavier Chaves,1800,1501,3301
311980 Córrego Danta,2088,1303,3391
311990 Córrego do Bom Jesus,2049,1681,3730
311995 Córrego Fundo,4430,1360,5790
312000 Córrego Novo,2038,1089,3127
312010 Couto de Magalhães de Minas,3835,369,4204
312015 Crisólita,3489,2558,6047
312020 Cristais,8845,2441,11286
312030 Cristália,3053,2707,5760
312040 Cristiano Otoni,4156,851,5007
312050 Cristina,5955,4255,10210
312060 Crucilândia,2979,1778,4757
312070 Cruzeiro da Fortaleza,3361,573,3934
312080 Cruzília,13286,1305,14591
312083 Cuparaque,3885,795,4680
312087 Curral de Dentro,5837,1076,6913
312090 Curvelo,67382,6837,74219
312100 Datas,3088,2123,5211
312110 Delfim Moreira,3025,4946,7971
312120 Delfinópolis,4846,1984,6830
312125 Delta,7584,505,8089
312130 Descoberto,4069,699,4768
312140 Desterro de Entre Rios,3596,3406,7002
312150 Desterro do Melo,1390,1625,3015
312160 Diamantina,40064,5816,45880
312170 Diogo de Vasconcelos,1099,2749,3848
312180 Dionísio,7165,1574,8739
312190 Divinésia,2175,1118,3293
312200 Divino,10796,8337,19133
312210 Divino das Laranjeiras,4108,829,4937
312220 Divinolândia de Minas,5760,1264,7024
312230 Divinópolis,207516,5500,213016
312235 Divisa Alegre,5693,191,5884
312240 Divisa Nova,4659,1104,5763
312245 Divisópolis,6403,2571,8974
312247 Dom Bosco,2052,1762,3814
312250 Dom Cavati,4607,602,5209
312260 Dom Joaquim,2922,1613,4535
312270 Dom Silvério,4058,1138,5196
312280 Dom Viçoso,998,1996,2994
312290 Dona Eusébia,5133,868,6001
312300 Dores de Campos,8457,842,9299
312310 Dores de Guanhães,1622,3601,5223
312320 Dores do Indaiá,12614,1164,13778
312330 Dores do Turvo,2030,2432,4462
312340 Doresópolis,1132,308,1440
312350 Douradoquara,1233,608,1841
312352 Durandé,3547,3876,7423
312360 Elói Mendes,20374,4846,25220
312370 Engenheiro Caldas,8325,1955,10280
312380 Engenheiro Navarro,4750,2372,7122
312385 Entre Folhas,3889,1286,5175
312390 Entre Rios de Minas,9878,4364,14242
312400 Ervália,9470,8476,17946
312410 Esmeraldas,56215,4056,60271
312420 Espera Feliz,14174,8682,22856
312430 Espinosa,18023,13090,31113
312440 Espírito Santo do Dourado,1683,2746,4429
312450 Estiva,4899,5946,10845
312460 Estrela Dalva,1781,689,2470
312470 Estrela do Indaiá,2777,739,3516
312480 Estrela do Sul,6057,1389,7446
312490 Eugenópolis,7405,3135,10540
312500 Ewbank da Câmara,3459,294,3753
312510 Extrema,26023,2576,28599
312520 Fama,1515,835,2350
312530 Faria Lemos,2332,1044,3376
312540 Felício dos Santos,2229,2913,5142
312560 Felisburgo,5088,1789,6877
312570 Felixlândia,10922,3199,14121
312580 Fernandes Tourinho,2016,1014,3030
312590 Ferros,5091,5746,10837
312595 Fervedouro,4764,5585,10349
312600 Florestal,5504,1096,6600
312610 Formiga,59487,5641,65128
312620 Formoso,5173,3004,8177
312630 Fortaleza de Minas,2950,1148,4098
312640 Fortuna de Minas,1865,840,2705
312650 Francisco Badaró,3191,7057,10248
312660 Francisco Dumont,3197,1666,4863
312670 Francisco Sá,14897,10015,24912
312675 Franciscópolis,2398,3402,5800
312680 Frei Gaspar,1916,3963,5879
312690 Frei Inocêncio,6764,2156,8920
312695 Frei Lagonegro,618,2711,3329
312700 Fronteira,13095,946,14041
312705 Fronteira dos Vales,3038,1649,4687
312707 Fruta de Leite,2036,3904,5940
312710 Frutal,46089,7379,53468
312720 Funilândia,2029,1826,3855
312730 Galiléia,5692,1259,6951
312733 Gameleiras,1413,3726,5139
312735 Glaucilândia,1048,1914,2962
312737 Goiabeira,2473,580,3053
312738 Goianá,2969,690,3659
312740 Gonçalves,1164,3056,4220
312750 Gonzaga,3237,2684,5921
312760 Gouveia,8229,3452,11681
312770 Governador Valadares,253300,10389,263689
312780 Grão Mogol,5391,9633,15024
312790 Grupiara,1173,200,1373
312800 Guanhães,25421,5841,31262
312810 Guapé,7174,6698,13872
312820 Guaraciaba,3218,7005,10223
312825 Guaraciama,3025,1693,4718
312830 Guaranésia,16836,1878,18714
312840 Guarani,6876,1802,8678
312850 Guarará,3487,442,3929
312860 Guarda-Mor,3688,2877,6565
312870 Guaxupé,46480,2950,49430
312880 Guidoval,5199,2007,7206
312890 Guimarânia,5924,1341,7265
312900 Guiricema,4225,4482,8707
312910 Gurinhatã,2692,3445,6137
312920 Heliodora,4430,1691,6121
312930 Iapu,7164,3151,10315
312940 Ibertioga,3457,1579,5036
312950 Ibiá,19646,3572,23218
312960 Ibiaí,6004,1835,7839
312965 Ibiracatu,3123,3032,6155
312970 Ibiraci,8208,3968,12176
312980 Ibirité,158590,364,158954
312990 Ibitiúra de Minas,2370,1012,3382
313000 Ibituruna,2485,381,2866
313005 Icaraí de Minas,2986,7760,10746
313010 Igarapé,32661,2190,34851
313020 Igaratinga,7677,1587,9264
313030 Iguatama,6715,1314,8029
313040 Ijaci,5605,254,5859
313050 Ilicínea,9096,2392,11488
313055 Imbé de Minas,2046,4378,6424
313060 Inconfidentes,3678,3230,6908
313065 Indaiabira,2742,4588,7330
313070 Indianópolis,4056,2134,6190
313080 Ingaí,1630,999,2629
313090 Inhapim,13993,10301,24294
313100 Inhaúma,4206,1554,5760
313110 Inimutaba,4743,1981,6724
313115 Ipaba,15028,1680,16708
313120 Ipanema,14200,3970,18170
313130 Ipatinga,236968,2500,239468
313140 Ipiaçu,3741,366,4107
313150 Ipuiúna,7448,2073,9521
313160 Iraí de Minas,5158,1309,6467
313170 Itabira,102316,7467,109783
313180 Itabirinha,8370,2322,10692
313190 Itabirito,43566,1883,45449
313200 Itacambira,1006,3982,4988
313210 Itacarambi,13799,3921,17720
313220 Itaguara,9526,2846,12372
313230 Itaipé,4943,6855,11798
313240 Itajubá,82764,7894,90658
313250 Itamarandiba,21988,10187,32175
313260 Itamarati de Minas,3210,869,4079
313270 Itambacuri,15119,7690,22809
313280 Itambé do Mato Dentro,908,1375,2283
313290 Itamogi,7759,2590,10349
313300 Itamonte,9612,4391,14003
313310 Itanhandu,11925,2250,14175
313320 Itanhomi,8570,3286,11856
313330 Itaobim,15779,5222,21001
313340 Itapagipe,9558,4098,13656
313350 Itapecerica,16503,4874,21377
313360 Itapeva,4511,4153,8664
313370 Itatiaiuçu,6221,3707,9928
313375 Itaú de Minas,14562,383,14945
313380 Itaúna,80451,5012,85463
313390 Itaverava,2565,3234,5799
313400 Itinga,6554,7853,14407
313410 Itueta,3299,2531,5830
313420 Ituiutaba,93125,4046,97171
313430 Itumirim,4704,1435,6139
313440 Iturama,32598,1858,34456
313450 Itutinga,2756,1157,3913
313460 Jaboticatubas,10740,6394,17134
313470 Jacinto,9197,2937,12134
313480 Jacuí,4570,2932,7502
313490 Jacutinga,19076,3696,22772
313500 Jaguaraçu,2138,852,2990
313505 Jaíba,17635,15952,33587
313507 Jampruca,3288,1779,5067
313510 Janaúba,60570,6233,66803
313520 Januária,41322,24141,65463
313530 Japaraíba,2550,1389,3939
313535 Japonvar,3050,5248,8298
313540 Jeceaba,2988,2407,5395
313545 Jenipapo de Minas,2883,4233,7116
313550 Jequeri,7293,5555,12848
313560 Jequitaí,5504,2501,8005
313570 Jequitibá,1963,3193,5156
313580 Jequitinhonha,17061,7070,24131
313590 Jesuânia,3094,1674,4768
313600 Joaíma,10273,4668,14941
313610 Joanésia,2062,3363,5425
313620 João Monlevade,73277,333,73610
313630 João Pinheiro,36761,8499,45260
313640 Joaquim Felício,2526,1779,4305
313650 Jordânia,7221,3103,10324
313652 José Gonçalves de Minas,1138,3415,4553
313655 José Raydan,1568,2808,4376
313657 Josenópolis,2444,2122,4566
313665 Juatuba,21827,375,22202
313670 Juiz de Fora,510378,5869,516247
313680 Juramento,2272,1841,4113
313690 Juruaia,4514,4724,9238
313695 Juvenília,4392,1316,5708
313700 Ladainha,4310,12684,16994
313710 Lagamar,5128,2472,7600
313720 Lagoa da Prata,44938,1046,45984
313730 Lagoa dos Patos,3079,1146,4225
313740 Lagoa Dourada,6889,5367,12256
313750 Lagoa Formosa,12967,4194,17161
313753 Lagoa Grande,6408,2223,8631
313760 Lagoa Santa,48949,3571,52520
313770 Lajinha,12250,7359,19609
313780 Lambari,14036,5518,19554
313790 Lamim,1511,1941,3452
313800 Laranjal,4738,1727,6465
313810 Lassance,3882,2602,6484
313820 Lavras,87856,4344,92200
313830 Leandro Ferreira,2152,1053,3205
313835 Leme do Prado,1761,3043,4804
313840 Leopoldina,45704,5426,51130
313850 Liberdade,3869,1477,5346
313860 Lima Duarte,12363,3786,16149
313862 Limeira do Oeste,5017,1873,6890
313865 Lontra,5630,2767,8397
313867 Luisburgo,1836,4398,6234
313868 Luislândia,2989,3411,6400
313870 Luminárias,4166,1256,5422
313880 Luz,15709,1777,17486
313890 Machacalis,5749,1227,6976
313900 Machado,32068,6620,38688
313910 Madre de Deus de Minas,3732,1172,4904
313920 Malacacheta,11818,6958,18776
313925 Mamonas,2812,3509,6321
313930 Manga,13848,5965,19813
313940 Manhuaçu,64839,14735,79574
313950 Manhumirim,17043,4339,21382
313960 Mantena,21258,5853,27111
313980 Mar de Espanha,10750,999,11749
313970 Maravilhas,4896,2267,7163
313990 Maria da Fé,8383,5833,14216
314000 Mariana,47642,6577,54219
314010 Marilac,3423,796,4219
314015 Mário Campos,12458,734,13192
314020 Maripá de Minas,2266,522,2788
314030 Marliéria,2844,1168,4012
314040 Marmelópolis,1557,1411,2968
314050 Martinho Campos,11010,1601,12611
314053 Martins Soares,2927,4246,7173
314055 Mata Verde,6388,1486,7874
314060 Materlândia,2011,2584,4595
314070 Mateus Leme,24679,3177,27856
317150 Mathias Lobato,3060,310,3370
314080 Matias Barbosa,12944,491,13435
314085 Matias Cardoso,5136,4843,9979
314090 Matipó,13832,3807,17639
314100 Mato Verde,9459,3225,12684
314110 Matozinhos,30877,3078,33955
314120 Matutina,2693,1068,3761
314130 Medeiros,1948,1496,3444
314140 Medina,15092,5934,21026
314150 Mendes Pimentel,3455,2876,6331
314160 Mercês,7256,3112,10368
314170 Mesquita,3819,2250,6069
314180 Minas Novas,12584,18210,30794
314190 Minduri,3396,444,3840
314200 Mirabela,10028,3014,13042
314210 Miradouro,5671,4580,10251
314220 Miraí,10403,3405,13808
314225 Miravânia,1079,3470,4549
314230 Moeda,1789,2900,4689
314240 Moema,6040,988,7028
314250 Monjolos,1403,957,2360
314260 Monsenhor Paulo,6133,2028,8161
314270 Montalvânia,10239,5623,15862
314280 Monte Alegre de Minas,14506,5113,19619
314290 Monte Azul,12418,9576,21994
314300 Monte Belo,9058,4003,13061
314310 Monte Carmelo,40100,5672,45772
314315 Monte Formoso,1700,2956,4656
314320 Monte Santo de Minas,16423,4811,21234
314340 Monte Sião,16268,4935,21203
314330 Montes Claros,344427,17488,361915
314345 Montezuma,3079,4385,7464
314350 Morada Nova de Minas,6457,1798,8255
314360 Morro da Garça,1522,1138,2660
314370 Morro do Pilar,2581,818,3399
314380 Munhoz,3319,2938,6257
314390 Muriaé,93225,7540,100765
314400 Mutum,13790,12871,26661
314410 Muzambinho,15729,4701,20430
314420 Nacip Raydan,1979,1175,3154
314430 Nanuque,36789,4045,40834
314435 Naque,5961,380,6341
314437 Natalândia,2471,809,3280
314440 Natércia,2760,1898,4658
314450 Nazareno,6046,1908,7954
314460 Nepomuceno,19936,5797,25733
314465 Ninheira,2623,7192,9815
314467 Nova Belém,1348,2384,3732
314470 Nova Era,15420,2108,17528
314480 Nova Lima,79232,1766,80998
314490 Nova Módica,2328,1462,3790
314500 Nova Ponte,10991,1821,12812
314505 Nova Porteirinha,4069,3329,7398
314510 Nova Resende,8858,6516,15374
314520 Nova Serrana,69695,4004,73699
313660 Nova União,2872,2683,5555
314530 Novo Cruzeiro,10522,20203,30725
314535 Novo Oriente de Minas,4421,5918,10339
314537 Novorizonte,1717,3246,4963
314540 Olaria,917,1059,1976
314545 Olhos-d'Água,2866,2401,5267
314550 Olímpio Noronha,2249,284,2533
314560 Oliveira,35185,4281,39466
314570 Oliveira Fortes,1177,946,2123
314580 Onça de Pitangui,1519,1536,3055
314585 Oratórios,3241,1252,4493
314587 Orizânia,2221,5063,7284
314590 Ouro Branco,31609,3659,35268
314600 Ouro Fino,23763,7805,31568
314610 Ouro Preto,61120,9161,70281
314620 Ouro Verde de Minas,3629,2387,6016
314625 Padre Carvalho,3462,2372,5834
314630 Padre Paraíso,11520,7329,18849
314655 Pai Pedro,1749,4185,5934
314640 Paineiras,3598,1033,4631
314650 Pains,6608,1406,8014
314660 Paiva,1219,339,1558
314670 Palma,5123,1422,6545
314675 Palmópolis,4488,2443,6931
314690 Papagaios,11920,2255,14175
314710 Pará de Minas,79599,4616,84215
314700 Paracatu,73772,10946,84718
314720 Paraguaçu,16679,3566,20245
314730 Paraisópolis,16058,3321,19379
314740 Paraopeba,19663,2900,22563
314760 Passa Quatro,11985,3597,15582
314770 Passa Tempo,6385,1812,8197
314780 Passa-Vinte,1305,774,2079
314750 Passabém,1012,754,1766
314790 Passos,100842,5448,106290
314795 Patis,2301,3278,5579
314800 Patos de Minas,127724,10986,138710
314810 Patrocínio,72758,9713,82471
314820 Patrocínio do Muriaé,4308,979,5287
314830 Paula Cândido,4936,4335,9271
314840 Paulistas,2303,2615,4918
314850 Pavão,5204,3385,8589
314860 Peçanha,9097,8163,17260
314870 Pedra Azul,21006,2833,23839
314875 Pedra Bonita,1807,4866,6673
314880 Pedra do Anta,2192,1173,3365
314890 Pedra do Indaiá,2053,1822,3875
314900 Pedra Dourada,1301,890,2191
314910 Pedralva,5563,5904,11467
314915 Pedras de Maria da Cruz,6328,3987,10315
314920 Pedrinópolis,2927,563,3490
314930 Pedro Leopoldo,49953,8787,58740
314940 Pedro Teixeira,965,820,1785
314950 Pequeri,2916,249,3165
314960 Pequi,2953,1123,4076
314970 Perdigão,7862,1050,8912
314980 Perdizes,9935,4469,14404
314990 Perdões,17776,2311,20087
314995 Periquito,5289,1747,7036
315000 Pescador,3259,869,4128
315010 Piau,1670,1171,2841
315015 Piedade de Caratinga,4602,2508,7110
315020 Piedade de Ponte Nova,3178,884,4062
315030 Piedade do Rio Grande,3477,1232,4709
315040 Piedade dos Gerais,2122,2518,4640
315050 Pimenta,6945,1291,8236
315053 Pingo-d'Água,4035,385,4420
315057 Pintópolis,2532,4679,7211
315060 Piracema,3034,3372,6406
315070 Pirajuba,4131,525,4656
315080 Piranga,5958,11274,17232
315090 Piranguçu,1772,3445,5217
315100 Piranguinho,4953,3063,8016
315110 Pirapetinga,9102,1262,10364
315120 Pirapora,52385,983,53368
315130 Piraúba,8814,2048,10862
315140 Pitangui,22624,2687,25311
315150 Piumhi,28564,3319,31883
315160 Planura,10091,293,10384
315170 Poço Fundo,9281,6678,15959
315180 Poços de Caldas,148722,3713,152435
315190 Pocrane,5399,3587,8986
315200 Pompéu,25740,3365,29105
315210 Ponte Nova,51185,6205,57390
315213 Ponto Chique,2581,1385,3966
315217 Ponto dos Volantes,4031,7314,11345
315220 Porteirinha,19338,18289,37627
315230 Porto Firme,4831,5586,10417
315240 Poté,9337,6330,15667
315250 Pouso Alegre,119590,11025,130615
315260 Pouso Alto,3658,2555,6213
315270 Prados,5936,2455,8391
315280 Prata,19381,6421,25802
315290 Pratápolis,7793,1014,8807
315300 Pratinha,1759,1506,3265
315310 Presidente Bernardes,1642,3895,5537
315320 Presidente Juscelino,1846,2062,3908
315330 Presidente Kubitschek,2017,942,2959
315340 Presidente Olegário,13150,5427,18577
315360 Prudente de Morais,9199,374,9573
315370 Quartel Geral,2766,537,3303
315380 Queluzito,847,1014,1861
315390 Raposos,14552,790,15342
315400 Raul Soares,15484,8334,23818
315410 Recreio,9073,1226,10299
315415 Reduto,3648,2921,6569
315420 Resende Costa,8776,2137,10913
315430 Resplendor,12832,4257,17089
315440 Ressaquinha,3023,1688,4711
315445 Riachinho,4435,3572,8007
315450 Riacho dos Machados,4499,4861,9360
315460 Ribeirão das Neves,294153,2164,296317
315470 Ribeirão Vermelho,3543,283,3826
315480 Rio Acima,7944,1146,9090
315490 Rio Casca,11334,2867,14201
315510 Rio do Prado,2730,2487,5217
315500 Rio Doce,1653,812,2465
315520 Rio Espera,2403,3667,6070
315530 Rio Manso,2810,2466,5276
315540 Rio Novo,7539,1173,8712
315550 Rio Paranaíba,7288,4597,11885
315560 Rio Pardo de Minas,11692,17407,29099
315570 Rio Piracicaba,11272,2877,14149
315580 Rio Pomba,14454,2656,17110
315590 Rio Preto,4451,841,5292
315600 Rio Vermelho,5481,8164,13645
315610 Ritápolis,3407,1518,4925
315620 Rochedo de Minas,1914,202,2116
315630 Rodeiro,5556,1311,6867
315640 Romaria,2715,881,3596
315645 Rosário da Limeira,2296,1951,4247
315650 Rubelita,2516,5256,7772
315660 Rubim,7703,2216,9919
315670 Sabará,123084,3185,126269
315680 Sabinópolis,10136,5568,15704
315690 Sacramento,19275,4621,23896
315700 Salinas,30716,8462,39178
315710 Salto da Divisa,5749,1110,6859
315720 Santa Bárbara,24794,3082,27876
315725 Santa Bárbara do Leste,3974,3708,7682
315727 Santa Bárbara do Monte Verde,1610,1178,2788
315730 Santa Bárbara do Tugúrio,2187,2383,4570
315733 Santa Cruz de Minas,7865,-,7865
315737 Santa Cruz de Salinas,1151,3246,4397
315740 Santa Cruz do Escalvado,1730,3262,4992
315750 Santa Efigênia de Minas,3053,1547,4600
315760 Santa Fé de Minas,2291,1677,3968
315765 Santa Helena de Minas,3769,2286,6055
315770 Santa Juliana,9795,1542,11337
315780 Santa Luzia,202378,564,202942
315790 Santa Margarida,7626,7385,15011
315800 Santa Maria de Itabira,6336,4216,10552
315810 Santa Maria do Salto,3742,1542,5284
315820 Santa Maria do Suaçuí,10722,3673,14395
315920 Santa Rita de Caldas,5655,3372,9027
315940 Santa Rita de Ibitipoca,2233,1350,3583
315930 Santa Rita de Jacutinga,3754,1239,4993
315935 Santa Rita de Minas,4774,1773,6547
315950 Santa Rita do Itueto,2310,3387,5697
315960 Santa Rita do Sapucaí,32458,5296,37754
315970 Santa Rosa da Serra,1973,1251,3224
315980 Santa Vitória,14926,3212,18138
315830 Santana da Vargem,5278,1953,7231
315840 Santana de Cataguases,2917,705,3622
315850 Santana de Pirapama,3331,4678,8009
315860 Santana do Deserto,1404,2456,3860
315870 Santana do Garambéu,1652,582,2234
315880 Santana do Jacaré,4428,179,4607
315890 Santana do Manhuaçu,4142,4440,8582
315895 Santana do Paraíso,25251,2014,27265
315900 Santana do Riacho,2279,1744,4023
315910 Santana dos Montes,2292,1530,3822
315990 Santo Antônio do Amparo,15187,2158,17345
316000 Santo Antônio do Aventureiro,2377,1161,3538
316010 Santo Antônio do Grama,3365,720,4085
316020 Santo Antônio do Itambé,1230,2905,4135
316030 Santo Antônio do Jacinto,6358,5417,11775
316040 Santo Antônio do Monte,22193,3782,25975
316045 Santo Antônio do Retiro,1590,5365,6955
316050 Santo Antônio do Rio Abaixo,888,889,1777
316060 Santo Hipólito,2249,989,3238
316070 Santos Dumont,41320,4964,46284
316080 São Bento Abade,4238,339,4577
316090 São Brás do Suaçuí,3129,384,3513
316095 São Domingos das Dores,2578,2830,5408
316100 São Domingos do Prata,10505,6852,17357
316105 São Félix de Minas,2089,1293,3382
316110 São Francisco,34204,19624,53828
316120 São Francisco de Paula,4651,1832,6483
316130 São Francisco de Sales,4332,1444,5776
316140 São Francisco do Glória,3132,2046,5178
316150 São Geraldo,7270,2993,10263
316160 São Geraldo da Piedade,1054,3335,4389
316165 São Geraldo do Baixio,2440,1046,3486
316170 São Gonçalo do Abaeté,4168,2096,6264
316180 São Gonçalo do Pará,7960,2438,10398
316190 São Gonçalo do Rio Abaixo,4649,5128,9777
312550 São Gonçalo do Rio Preto,1954,1102,3056
316200 São Gonçalo do Sapucaí,19742,4164,23906
316210 São Gotardo,30061,1758,31819
316220 São João Batista do Glória,5607,1280,6887
316225 São João da Lagoa,2435,2221,4656
316230 São João da Mata,1752,979,2731
316240 São João da Ponte,8656,16702,25358
316245 São João das Missões,2446,9269,11715
316250 São João del Rei,79857,4612,84469
316255 São João do Manhuaçu,4806,5439,10245
316257 São João do Manteninha,2905,2283,5188
316260 São João do Oriente,6325,1549,7874
316265 São João do Pacuí,1921,2139,4060
316270 São João do Paraíso,10235,12084,22319
316280 São João Evangelista,10108,5445,15553
316290 São João Nepomuceno,23835,1222,25057
316292 São Joaquim de Bicas,18599,6938,25537
316294 São José da Barra,4894,1884,6778
316295 São José da Lapa,11400,8399,19799
316300 São José da Safira,2945,1130,4075
316310 São José da Varginha,2372,1826,4198
316320 São José do Alegre,2901,1095,3996
316330 São José do Divino,2725,1109,3834
316340 São José do Goiabal,3689,1947,5636
316350 São José do Jacuri,2006,4547,6553
316360 São José do Mantimento,1449,1143,2592
316370 São Lourenço,41657,-,41657
316380 São Miguel do Anta,3746,3014,6760
316390 São Pedro da União,2781,2259,5040
316410 São Pedro do Suaçuí,2302,3268,5570
316400 São Pedro dos Ferros,6783,1573,8356
316420 São Romão,6469,3807,10276
316430 São Roque de Minas,4222,2464,6686
316440 São Sebastião da Bela Vista,2889,2059,4948
316443 São Sebastião da Vargem Alegre,1603,1195,2798
316447 São Sebastião do Anta,4210,1529,5739
316450 São Sebastião do Maranhão,3250,7397,10647
316460 São Sebastião do Oeste,3247,2558,5805
316470 São Sebastião do Paraíso,59953,5027,64980
316480 São Sebastião do Rio Preto,876,737,1613
316490 São Sebastião do Rio Verde,1321,789,2110
316520 São Thomé das Letras,3857,2798,6655
316500 São Tiago,8471,2090,10561
316510 São Tomás de Aquino,5522,1571,7093
316530 São Vicente de Minas,5940,1068,7008
316540 Sapucaí-Mirim,3783,2458,6241
316550 Sardoá,1997,3597,5594
316553 Sarzedo,25532,282,25814
316556 Sem-Peixe,1507,1340,2847
316557 Senador Amaral,3101,2118,5219
316560 Senador Cortes,1512,476,1988
316570 Senador Firmino,4683,2547,7230
316580 Senador José Bento,683,1185,1868
316590 Senador Modestino Gonçalves,1803,2771,4574
316600 Senhora de Oliveira,3256,2427,5683
316610 Senhora do Porto,1286,2211,3497
316620 Senhora dos Remédios,3430,6766,10196
316630 Sericita,3718,3410,7128
316640 Seritinga,1483,306,1789
316650 Serra Azul de Minas,1710,2510,4220
316660 Serra da Saudade,527,288,815
316680 Serra do Salitre,7755,2794,10549
316670 Serra dos Aimorés,6774,1638,8412
316690 Serrania,6576,966,7542
316695 Serranópolis de Minas,1728,2697,4425
316700 Serranos,1543,452,1995
316710 Serro,12895,7940,20835
316720 Sete Lagoas,208956,5196,214152
316555 Setubinha,2802,8083,10885
316730 Silveirânia,1429,763,2192
316740 Silvianópolis,3645,2382,6027
316750 Simão Pereira,1496,1041,2537
316760 Simonésia,7096,11202,18298
316770 Sobrália,4129,1701,5830
316780 Soledade de Minas,3761,1915,5676
316790 Tabuleiro,2701,1378,4079
316800 Taiobeiras,25060,5857,30917
316805 Taparuba,1405,1732,3137
316810 Tapira,2744,1368,4112
316820 Tapiraí,1085,788,1873
316830 Taquaraçu de Minas,1755,2039,3794
316840 Tarumirim,8019,6274,14293
316850 Teixeiras,7623,3732,11355
316860 Teófilo Otoni,110076,24669,134745
316870 Timóteo,81124,119,81243
316880 Tiradentes,5376,1585,6961
316890 Tiros,4815,2091,6906
316900 Tocantins,12909,2914,15823
316905 Tocos do Moji,1018,2932,3950
316910 Toledo,2190,3574,5764
316920 Tombos,7602,1935,9537
316930 Três Corações,65826,6939,72765
316935 Três Marias,26840,1478,28318
316940 Três Pontas,46280,7580,53860
316950 Tumiritinga,4323,1970,6293
316960 Tupaciguara,22042,2146,24188
316970 Turmalina,12926,5129,18055
316980 Turvolândia,2910,1748,4658
316990 Ubá,97636,3883,101519
317000 Ubaí,5665,6016,11681
317005 Ubaporanga,6434,5606,12040
317010 Uberaba,289376,6612,295988
317020 Uberlândia,587266,16747,604013
317030 Umburatiba,1558,1147,2705
317040 Unaí,62329,15236,77565
317043 União de Minas,2726,1692,4418
317047 Uruana de Minas,1818,1417,3235
317050 Urucânia,7946,2345,10291
317052 Urucuia,6165,7439,13604
317057 Vargem Alegre,4771,1690,6461
317060 Vargem Bonita,1142,1021,2163
317065 Vargem Grande do Rio Pardo,2421,2312,4733
317070 Varginha,119061,4020,123081
317075 Varjão de Minas,5021,1033,6054
317080 Várzea da Palma,31313,4496,35809
317090 Varzelândia,8904,10212,19116
317100 Vazante,15919,3804,19723
317103 Verdelândia,4762,3584,8346
317107 Veredinha,3769,1780,5549
317110 Veríssimo,2037,1446,3483
317115 Vermelho Novo,1852,2837,4689
317120 Vespasiano,104527,-,104527
317130 Viçosa,67305,4915,72220
317140 Vieiras,1853,1878,3731
317160 Virgem da Lapa,6840,6779,13619
317170 Virgínia,3936,4687,8623
317180 Virginópolis,6208,4364,10572
317190 Virgolândia,3402,2256,5658
317200 Visconde do Rio Branco,31380,6562,37942
317210 Volta Grande,3802,1268,5070
317220 Wenceslau Braz,1270,1283,2553
320010 Afonso Cláudio,15855,15236,31091
320016 Água Doce do Norte,6699,5072,11771
320013 Águia Branca,3051,6468,9519
320020 Alegre,21512,9256,30768
320030 Alfredo Chaves,6545,7410,13955
320035 Alto Rio Novo,4256,3061,7317
320040 Anchieta,18161,5741,23902
320050 Apiacá,5211,2301,7512
320060 Aracruz,71451,10381,81832
320070 Atilio Vivacqua,6116,3734,9850
320080 Baixo Guandu,22512,6569,29081
320090 Barra de São Francisco,26357,14292,40649
320100 Boa Esperança,10239,3960,14199
320110 Bom Jesus do Norte,8699,777,9476
320115 Brejetuba,3416,8499,11915
320120 Cachoeiro de Itapemirim,173589,16300,189889
320130 Cariacica,337643,11095,348738
320140 Castelo,21817,12930,34747
320150 Colatina,98395,13393,111788
320160 Conceição da Barra,22575,5874,28449
320170 Conceição do Castelo,5898,5783,11681
320180 Divino de São Lourenço,1742,2774,4516
320190 Domingos Martins,7741,24106,31847
320200 Dores do Rio Preto,3547,2850,6397
320210 Ecoporanga,14779,8433,23212
320220 Fundão,14378,2647,17025
320225 Governador Lindenberg,4226,6643,10869
320230 Guaçuí,22401,5450,27851
320240 Guarapari,100528,4758,105286
320245 Ibatiba,13378,8988,22366
320250 Ibiraçu,8466,2712,11178
320255 Ibitirama,3177,5780,8957
320260 Iconha,7277,5246,12523
320265 Irupi,4437,7286,11723
320270 Itaguaçu,8054,6080,14134
320280 Itapemirim,19330,11658,30988
320290 Itarana,4095,6786,10881
320300 Iúna,15620,11708,27328
320305 Jaguaré,15033,9645,24678
320310 Jerônimo Monteiro,8535,2344,10879
320313 João Neiva,12752,3057,15809
320316 Laranja da Terra,3528,7298,10826
320320 Linhares,121567,19739,141306
320330 Mantenópolis,8647,4965,13612
320332 Marataízes,27614,6526,34140
320334 Marechal Floriano,7421,6841,14262
320335 Marilândia,5648,5459,11107
320340 Mimoso do Sul,16232,9670,25902
320350 Montanha,13522,4327,17849
320360 Mucurici,3590,2065,5655
320370 Muniz Freire,8670,9727,18397
320380 Muqui,9309,5087,14396
320390 Nova Venécia,30831,15200,46031
320400 Pancas,10099,11449,21548
320405 Pedro Canário,22053,1741,23794
320410 Pinheiros,18718,5177,23895
320420 Piúma,17449,674,18123
320425 Ponto Belo,5588,1391,6979
320430 Presidente Kennedy,3440,6874,10314
320435 Rio Bananal,6788,10742,17530
320440 Rio Novo do Sul,5946,5379,11325
320450 Santa Leopoldina,2615,9625,12240
320455 Santa Maria de Jetibá,11797,22379,34176
320460 Santa Teresa,11768,10055,21823
320465 São Domingos do Norte,3437,4564,8001
320470 São Gabriel da Palha,24325,7534,31859
320480 São José do Calçado,8350,2058,10408
320490 São Mateus,84541,24487,109028
320495 São Roque do Canaã,5584,5689,11273
320500 Serra,406450,2817,409267
320501 Sooretama,16873,6970,23843
320503 Vargem Alta,6722,12408,19130
320506 Venda Nova do Imigrante,14809,5638,20447
320510 Viana,59632,5369,65001
320515 Vila Pavão,2998,5674,8672
320517 Vila Valério,5042,8788,13830
320520 Vila Velha,412575,2011,414586
320530 Vitória,327801,-,327801
330010 Angra dos Reis,163290,6221,169511
330015 Aperibé,8878,1335,10213
330020 Araruama,106486,5522,112008
330022 Areal,9923,1500,11423
330023 Armação dos Búzios,27560,-,27560
330025 Arraial do Cabo,27715,-,27715
330030 Barra do Piraí,91957,2821,94778
330040 Barra Mansa,176193,1620,177813
330045 Belford Roxo,469332,-,469332
330050 Bom Jardim,15266,10067,25333
330060 Bom Jesus do Itabapoana,29927,5484,35411
330070 Cabo Frio,140486,45741,186227
330080 Cachoeiras de Macacu,46944,7329,54273
330090 Cambuci,11292,3535,14827
330100 Campos dos Goytacazes,418725,45006,463731
330110 Cantagalo,14022,5808,19830
330093 Carapebus,10542,2817,13359
330115 Cardoso Moreira,8757,3843,12600
330120 Carmo,13470,3964,17434
330130 Casimiro de Abreu,28521,6826,35347
330095 Comendador Levy Gasparian,7862,318,8180
330140 Conceição de Macabu,18337,2874,21211
330150 Cordeiro,19862,568,20430
330160 Duas Barras,7736,3194,10930
330170 Duque de Caxias,852138,2910,855048
330180 Engenheiro Paulo de Frontin,9523,3714,13237
330185 Guapimirim,49746,1737,51483
330187 Iguaba Grande,22851,-,22851
330190 Itaboraí,215412,2596,218008
330200 Itaguaí,104209,4882,109091
330205 Italva,10242,3821,14063
330210 Itaocara,17326,5573,22899
330220 Itaperuna,88368,7473,95841
330225 Itatiaia,27813,970,28783
330227 Japeri,95492,-,95492
330230 Laje do Muriaé,5637,1850,7487
330240 Macaé,202859,3869,206728
330245 Macuco,4593,676,5269
330250 Magé,215236,12086,227322
330260 Mangaratiba,32120,4336,36456
330270 Maricá,125491,1970,127461
330280 Mendes,17701,234,17935
330285 Mesquita,168376,-,168376
330290 Miguel Pereira,21501,3141,24642
330300 Miracema,24741,2102,26843
330310 Natividade,12046,3036,15082
330320 Nilópolis,157425,-,157425
330330 Niterói,487562,-,487562
330340 Nova Friburgo,159372,22710,182082
330350 Nova Iguaçu,787563,8694,796257
330360 Paracambi,41722,5402,47124
330370 Paraíba do Sul,36154,4930,41084
330380 Paraty,27689,9844,37533
330385 Paty do Alferes,18585,7774,26359
330390 Petrópolis,281286,14631,295917
330395 Pinheiral,20411,2308,22719
330400 Piraí,20836,5478,26314
330410 Porciúncula,13890,3870,17760
330411 Porto Real,16497,95,16592
330412 Quatis,12029,764,12793
330414 Queimados,137962,-,137962
330415 Quissamã,12996,7246,20242
330420 Resende,112331,7438,119769
330430 Rio Bonito,41259,14292,55551
330440 Rio Claro,13769,3656,17425
330450 Rio das Flores,5959,2602,8561
330452 Rio das Ostras,99905,5771,105676
330455 Rio de Janeiro,6320446,-,6320446
330460 Santa Maria Madalena,5932,4389,10321
330470 Santo Antônio de Pádua,31100,9489,40589
330480 São Fidélis,29679,7864,37543
330475 São Francisco de Itabapoana,21092,20262,41354
330490 São Gonçalo,998999,729,999728
330500 São João da Barra,25693,7054,32747
330510 São João de Meriti,458673,-,458673
330513 São José de Ubá,3098,3905,7003
330515 São José do Vale do Rio Preto,9007,11244,20251
330520 São Pedro da Aldeia,82148,5727,87875
330530 São Sebastião do Alto,4612,4283,8895
330540 Sapucaia,13273,4252,17525
330550 Saquarema,70456,3778,74234
330555 Seropédica,64285,13901,78186
330560 Silva Jardim,16121,5228,21349
330570 Sumidouro,5440,9460,14900
330575 Tanguá,27428,3304,30732
330580 Teresópolis,146207,17539,163746
330590 Trajano de Moraes,4780,5509,10289
330600 Três Rios,75165,2267,77432
330610 Valença,62224,9619,71843
330615 Varre-Sai,5790,3685,9475
330620 Vassouras,23199,11211,34410
330630 Volta Redonda,257686,117,257803
350010 Adamantina,31948,1849,33797
350020 Adolfo,3200,357,3557
350030 Aguaí,29001,3147,32148
350040 Águas da Prata,6771,813,7584
350050 Águas de Lindóia,17111,155,17266
350055 Águas de Santa Bárbara,4259,1342,5601
350060 Águas de São Pedro,2707,-,2707
350070 Agudos,32993,1531,34524
350075 Alambari,3672,1212,4884
350080 Alfredo Marcondes,3255,636,3891
350090 Altair,3022,793,3815
350100 Altinópolis,13636,1971,15607
350110 Alto Alegre,3234,868,4102
350115 Alumínio,14123,2716,16839
350120 Álvares Florence,2648,1249,3897
350130 Álvares Machado,21183,2330,23513
350140 Álvaro de Carvalho,2952,1698,4650
350150 Alvinlândia,2693,307,3000
350160 Americana,209654,984,210638
350170 Américo Brasiliense,34217,261,34478
350180 Américo de Campos,4788,918,5706
350190 Amparo,51811,14018,65829
350200 Analândia,3408,885,4293
350210 Andradina,51649,3685,55334
350220 Angatuba,15953,6257,22210
350230 Anhembi,4271,1382,5653
350240 Anhumas,3059,679,3738
350250 Aparecida,34498,509,35007
350260 Aparecida d'Oeste,3645,805,4450
350270 Apiaí,18218,6973,25191
350275 Araçariguama,17080,-,17080
350280 Araçatuba,178077,3502,181579
350290 Araçoiaba da Serra,18764,8535,27299
350300 Aramina,4816,336,5152
350310 Arandu,4614,1509,6123
350315 Arapeí,1875,618,2493
350320 Araraquara,202730,5932,208662
350330 Araras,112444,6399,118843
350335 Arco-Íris,1097,828,1925
350340 Arealva,6176,1665,7841
350350 Areias,2478,1218,3696
350360 Areiópolis,9401,1178,10579
350370 Ariranha,8094,453,8547
350380 Artur Nogueira,39998,4179,44177
350390 Arujá,71916,2989,74905
350395 Aspásia,1257,552,1809
350400 Assis,90991,4153,95144
350410 Atibaia,115229,11374,126603
350420 Auriflama,12948,1254,14202
350430 Avaí,3330,1629,4959
350440 Avanhandava,9563,1747,11310
350450 Avaré,79391,3543,82934
350460 Bady Bassitt,13659,944,14603
350470 Balbinos,1191,2511,3702
350480 Bálsamo,7474,686,8160
350490 Bananal,8157,2066,10223
350500 Barão de Antonina,1913,1203,3116
350510 Barbosa,5575,1018,6593
350520 Bariri,29975,1618,31593
350530 Barra Bonita,34507,739,35246
350535 Barra do Chapéu,1544,3700,5244
350540 Barra do Turvo,3174,4555,7729
350550 Barretos,108686,3415,112101
350560 Barrinha,28180,316,28496
350570 Barueri,240749,-,240749
350580 Bastos,17608,2837,20445
350590 Batatais,49945,6531,56476
350600 Bauru,338184,5753,343937
350610 Bebedouro,71503,3532,75035
350620 Bento de Abreu,2444,230,2674
350630 Bernardino de Campos,9658,1117,10775
350635 Bertioga,46867,778,47645
350640 Bilac,6481,567,7048
350650 Birigui,105487,3241,108728
350660 Biritiba-Mirim,24525,4050,28575
350670 Boa Esperança do Sul,12184,1461,13645
350680 Bocaina,10006,853,10859
350690 Bofete,6132,3486,9618
350700 Boituva,45448,2866,48314
350710 Bom Jesus dos Perdões,17376,2332,19708
350715 Bom Sucesso de Itararé,2430,1141,3571
350720 Borá,627,178,805
350730 Boracéia,3827,441,4268
350740 Borborema,13095,1434,14529
350745 Borebi,2000,293,2293
350750 Botucatu,122678,4650,127328
350760 Bragança Paulista,142255,4489,146744
350770 Braúna,4390,631,5021
350775 Brejo Alegre,2110,463,2573
350780 Brodowski,20597,510,21107
350790 Brotas,18599,2981,21580
350800 Buri,14992,3571,18563
350810 Buritama,14526,892,15418
350820 Buritizal,3306,747,4053
350830 Cabrália Paulista,3777,588,4365
350840 Cabreúva,35261,6343,41604
350850 Caçapava,72517,12235,84752
350860 Cachoeira Paulista,24572,5519,30091
350870 Caconde,12639,5899,18538
350880 Cafelândia,14426,2181,16607
350890 Caiabu,3315,757,4072
350900 Caieiras,84386,2143,86529
350910 Caiuá,1930,3109,5039
350920 Cajamar,62823,1291,64114
350925 Cajati,20720,7652,28372
350930 Cajobi,9133,635,9768
350940 Cajuru,20795,2576,23371
350945 Campina do Monte Alegre,4710,857,5567
350950 Campinas,1061540,18573,1080113
350960 Campo Limpo Paulista,74074,-,74074
350970 Campos do Jordão,47491,298,47789
350980 Campos Novos Paulista,3528,1011,4539
350990 Cananéia,10436,1790,12226
350995 Canas,4070,315,4385
351000 Cândido Mota,28096,1788,29884
351010 Cândido Rodrigues,2153,515,2668
351015 Canitar,4138,231,4369
351020 Capão Bonito,37824,8354,46178
351030 Capela do Alto,14522,3010,17532
351040 Capivari,45904,2672,48576
351050 Caraguatatuba,96673,4167,100840
351060 Carapicuíba,369584,-,369584
351070 Cardoso,10730,1075,11805
351080 Casa Branca,23154,5153,28307
351090 Cássia dos Coqueiros,1795,839,2634
351100 Castilho,13586,4417,18003
351110 Catanduva,111914,906,112820
351120 Catiguá,6569,558,7127
351130 Cedral,6307,1665,7972
351140 Cerqueira César,15716,1816,17532
351150 Cerquilho,37567,2050,39617
351160 Cesário Lange,10492,5048,15540
351170 Charqueada,13686,1399,15085
355720 Chavantes,11139,975,12114
351190 Clementina,6734,331,7065
351200 Colina,16223,1148,17371
351210 Colômbia,4332,1662,5994
351220 Conchal,23839,1390,25229
351230 Conchas,13197,3091,16288
351240 Cordeirópolis,18934,2146,21080
351250 Coroados,4242,996,5238
351260 Coronel Macedo,3865,1136,5001
351270 Corumbataí,2093,1781,3874
351280 Cosmópolis,54634,4193,58827
351290 Cosmorama,4945,2269,7214
351300 Cotia,201150,-,201150
351310 Cravinhos,30902,789,31691
351320 Cristais Paulista,5528,2060,7588
351330 Cruzália,1510,764,2274
351340 Cruzeiro,75076,1963,77039
351350 Cubatão,118720,-,118720
351360 Cunha,12167,9699,21866
351370 Descalvado,27712,3344,31056
351380 Diadema,386089,-,386089
351385 Dirce Reis,1279,410,1689
351390 Divinolândia,7500,3708,11208
351400 Dobrada,7762,177,7939
351410 Dois Córregos,23446,1315,24761
351420 Dolcinópolis,1949,147,2096
351430 Dourado,7869,740,8609
351440 Dracena,39946,3312,43258
351450 Duartina,10997,1254,12251
351460 Dumont,7854,289,8143
351470 Echaporã,5032,1286,6318
351480 Eldorado,7205,7436,14641
351490 Elias Fausto,12558,3217,15775
351492 Elisiário,2858,262,3120
351495 Embaúba,2060,363,2423
351500 Embu das Artes,240230,-,240230
351510 Embu-Guaçu,61095,1674,62769
351512 Emilianópolis,2497,523,3020
351515 Engenheiro Coelho,11498,4223,15721
351518 Espírito Santo do Pinhal,37245,4662,41907
351519 Espírito Santo do Turvo,3630,614,4244
355730 Estiva Gerbi,8011,2033,10044
351520 Estrela d'Oeste,6831,1377,8208
351530 Estrela do Norte,2099,559,2658
351535 Euclides da Cunha Paulista,6111,3474,9585
351540 Fartura,12238,3082,15320
351560 Fernando Prestes,4698,836,5534
351550 Fernandópolis,62714,1982,64696
351565 Fernão,850,713,1563
351570 Ferraz de Vasconcelos,160754,7552,168306
351580 Flora Rica,1418,334,1752
351590 Floreal,2439,564,3003
351600 Flórida Paulista,10137,2711,12848
351610 Florínia,2512,317,2829
351620 Franca,313046,5594,318640
351630 Francisco Morato,154158,314,154472
351640 Franco da Rocha,121244,10360,131604
351650 Gabriel Monteiro,2257,451,2708
351660 Gália,5225,1786,7011
351670 Garça,39192,3923,43115
351680 Gastão Vidigal,3756,437,4193
351685 Gavião Peixoto,3575,844,4419
351690 General Salgado,9084,1585,10669
351700 Getulina,8334,2431,10765
351710 Glicério,3362,1203,4565
351720 Guaiçara,9694,976,10670
351730 Guaimbê,4740,685,5425
351740 Guaíra,36059,1345,37404
351750 Guapiaçu,15805,2064,17869
351760 Guapiara,7233,10765,17998
351770 Guará,19223,635,19858
351780 Guaraçaí,6654,1781,8435
351790 Guaraci,8927,1049,9976
351800 Guarani d'Oeste,1735,235,1970
351810 Guarantã,5462,942,6404
351820 Guararapes,28318,2279,30597
351830 Guararema,22240,3604,25844
351840 Guaratinguetá,106762,5310,112072
351850 Guareí,8413,6152,14565
351860 Guariba,34748,738,35486
351870 Guarujá,290696,56,290752
351880 Guarulhos,1221979,-,1221979
351885 Guatapará,5116,1850,6966
351890 Guzolândia,4021,733,4754
351900 Herculândia,7921,775,8696
351905 Holambra,8184,3115,11299
351907 Hortolândia,192692,-,192692
351910 Iacanga,8726,1287,10013
351920 Iacri,5050,1369,6419
351925 Iaras,2837,3539,6376
351930 Ibaté,29508,1226,30734
351940 Ibirá,10045,851,10896
351950 Ibirarema,6212,513,6725
351960 Ibitinga,51057,2101,53158
351970 Ibiúna,24933,46284,71217
351980 Icém,6404,1058,7462
351990 Iepê,6773,855,7628
352000 Igaraçu do Tietê,23228,134,23362
352010 Igarapava,26362,1590,27952
352020 Igaratá,7005,1826,8831
352030 Iguape,24687,4154,28841
352042 Ilha Comprida,9025,-,9025
352044 Ilha Solteira,23520,1544,25064
352040 Ilhabela,28002,194,28196
352050 Indaiatuba,199592,2027,201619
352060 Indiana,4127,698,4825
352070 Indiaporã,3379,524,3903
352080 Inúbia Paulista,3177,453,3630
352090 Ipaussu,12588,1075,13663
352100 Iperó,17463,10837,28300
352110 Ipeúna,5178,838,6016
352115 Ipiguá,2697,1766,4463
352120 Iporanga,2401,1898,4299
352130 Ipuã,13562,586,14148
352140 Iracemápolis,19616,413,20029
352150 Irapuã,6489,786,7275
352160 Irapuru,5507,2282,7789
352170 Itaberá,12139,5719,17858
352180 Itaí,18852,5156,24008
352190 Itajobi,12142,2414,14556
352200 Itaju,2361,885,3246
352210 Itanhaém,86242,815,87057
352215 Itaóca,1760,1468,3228
352220 Itapecerica da Serra,151349,1265,152614
352230 Itapetininga,131050,13327,144377
352240 Itapeva,73956,13797,87753
352250 Itapevi,200769,-,200769
352260 Itapira,63576,4961,68537
352265 Itapirapuã Paulista,1892,1988,3880
352270 Itápolis,36325,3726,40051
352280 Itaporanga,11033,3516,14549
352290 Itapuí,11630,543,12173
352300 Itapura,3482,875,4357
352310 Itaquaquecetuba,321770,-,321770
352320 Itararé,44270,3664,47934
352330 Itariri,9879,5592,15471
352340 Itatiba,85666,15805,101471
352350 Itatinga,16420,1632,18052
352360 Itirapina,14001,1523,15524
352370 Itirapuã,4929,985,5914
352380 Itobi,6800,746,7546
352390 Itu,144269,9878,154147
352400 Itupeva,38955,5904,44859
352410 Ituverava,36430,2265,38695
352420 Jaborandi,6166,426,6592
352430 Jaboticabal,69527,2135,71662
352440 Jacareí,208297,2917,211214
352450 Jaci,4871,786,5657
352460 Jacupiranga,9369,7839,17208
352470 Jaguariúna,43033,1278,44311
352480 Jales,44239,2773,47012
352490 Jambeiro,2561,2788,5349
352500 Jandira,108344,-,108344
352510 Jardinópolis,36141,1520,37661
352520 Jarinu,18429,5418,23847
352530 Jaú,126943,4097,131040
352540 Jeriquara,2606,554,3160
352550 Joanópolis,11768,-,11768
352560 João Ramalho,3543,607,4150
352570 José Bonifácio,29684,3079,32763
352580 Júlio Mesquita,4214,216,4430
352585 Jumirim,1623,1175,2798
352590 Jundiaí,354204,15922,370126
352600 Junqueirópolis,15399,3327,18726
352610 Juquiá,12139,7107,19246
352620 Juquitiba,22240,6497,28737
352630 Lagoinha,3138,1703,4841
352640 Laranjal Paulista,22612,2639,25251
352650 Lavínia,4285,4494,8779
352660 Lavrinhas,6049,541,6590
352670 Leme,89862,1894,91756
352680 Lençóis Paulista,60051,1377,61428
352690 Limeira,267785,8237,276022
352700 Lindóia,6712,-,6712
352710 Lins,70597,835,71432
352720 Lorena,80173,2364,82537
352725 Lourdes,1744,384,2128
352730 Louveira,35695,1430,37125
352740 Lucélia,17219,2663,19882
352750 Lucianópolis,1780,469,2249
352760 Luís Antônio,10901,385,11286
352770 Luiziânia,4611,419,5030
352780 Lupércio,3865,488,4353
352790 Lutécia,2158,556,2714
352800 Macatuba,15776,483,16259
352810 Macaubal,6773,890,7663
352820 Macedônia,2777,887,3664
352830 Magda,2655,545,3200
352840 Mairinque,34690,8533,43223
352850 Mairiporã,70750,10206,80956
352860 Manduri,7778,1214,8992
352870 Marabá Paulista,2142,2670,4812
352880 Maracaí,12085,1247,13332
352885 Marapoama,2199,434,2633
352890 Mariápolis,3137,779,3916
352900 Marília,207021,9724,216745
352910 Marinópolis,1671,442,2113
352920 Martinópolis,20341,3878,24219
352930 Matão,75377,1409,76786
352940 Mauá,417064,-,417064
352950 Mendonça,3793,847,4640
352960 Meridiano,2674,1181,3855
352965 Mesópolis,1468,418,1886
352970 Miguelópolis,19265,1186,20451
352980 Mineiros do Tietê,11500,538,12038
353000 Mira Estrela,1881,939,2820
352990 Miracatu,10586,10006,20592
353010 Mirandópolis,24455,3028,27483
353020 Mirante do Paranapanema,10045,7014,17059
353030 Mirassol,52433,1359,53792
353040 Mirassolândia,3492,803,4295
353050 Mococa,61149,5141,66290
353060 Mogi das Cruzes,357313,30466,387779
353070 Mogi Guaçu,130295,6950,137245
353080 Mogi Mirim,80945,5560,86505
353090 Mombuca,2685,581,3266
353100 Monções,1836,296,2132
353110 Mongaguá,46091,202,46293
353120 Monte Alegre do Sul,4091,3061,7152
353130 Monte Alto,44543,2099,46642
353140 Monte Aprazível,19803,1943,21746
353150 Monte Azul Paulista,17713,1218,18931
353160 Monte Castelo,3211,852,4063
353180 Monte Mor,45978,2971,48949
353170 Monteiro Lobato,1778,2342,4120
353190 Morro Agudo,27907,1209,29116
353200 Morungaba,10051,1718,11769
353205 Motuca,3108,1182,4290
353210 Murutinga do Sul,2573,1613,4186
353215 Nantes,2431,276,2707
353220 Narandiba,3105,1183,4288
353230 Natividade da Serra,2788,3890,6678
353240 Nazaré Paulista,13911,2503,16414
353250 Neves Paulista,7916,856,8772
353260 Nhandeara,8688,2037,10725
353270 Nipoã,3797,477,4274
353280 Nova Aliança,4881,1010,5891
353282 Nova Campina,5762,2753,8515
353284 Nova Canaã Paulista,880,1234,2114
353286 Nova Castilho,746,379,1125
353290 Nova Europa,8625,675,9300
353300 Nova Granada,17775,1405,19180
353310 Nova Guataporanga,1890,287,2177
353320 Nova Independência,2446,622,3068
353330 Nova Luzitânia,3087,354,3441
353340 Nova Odessa,50407,835,51242
353325 Novais,4181,411,4592
353350 Novo Horizonte,34048,2545,36593
353360 Nuporanga,6185,632,6817
353370 Ocauçu,3324,839,4163
353380 Óleo,1763,910,2673
353390 Olímpia,47244,2780,50024
353400 Onda Verde,3043,841,3884
353410 Oriente,5695,402,6097
353420 Orindiúva,5223,452,5675
353430 Orlândia,38756,1025,39781
353440 Osasco,666740,-,666740
353450 Oscar Bressane,2099,438,2537
353460 Osvaldo Cruz,27782,3135,30917
353470 Ourinhos,100374,2661,103035
353480 Ouro Verde,7176,624,7800
353475 Ouroeste,7546,859,8405
353490 Pacaembu,9745,3481,13226
353500 Palestina,9188,1863,11051
353510 Palmares Paulista,10619,315,10934
353520 Palmeira d'Oeste,7268,2316,9584
353530 Palmital,19427,1759,21186
353540 Panorama,14165,418,14583
353550 Paraguaçu Paulista,38314,3964,42278
353560 Paraibuna,5242,12146,17388
353570 Paraíso,5188,710,5898
353580 Paranapanema,14477,3331,17808
353590 Paranapuã,3394,421,3815
353600 Parapuã,8896,1948,10844
353610 Pardinho,4389,1193,5582
353620 Pariquera-Açu,12661,5785,18446
353625 Parisi,1643,389,2032
353630 Patrocínio Paulista,10499,2501,13000
353640 Paulicéia,5270,1069,6339
353650 Paulínia,82070,76,82146
353657 Paulistânia,1212,567,1779
353660 Paulo de Faria,7750,839,8589
353670 Pederneiras,38592,2905,41497
353680 Pedra Bela,1440,4340,5780
353690 Pedranópolis,1591,967,2558
353700 Pedregulho,11583,4117,15700
353710 Pedreira,41209,349,41558
353715 Pedrinhas Paulista,2480,460,2940
353720 Pedro de Toledo,7033,3171,10204
353730 Penápolis,55882,2628,58510
353740 Pereira Barreto,23235,1727,24962
353750 Pereiras,4978,2476,7454
353760 Peruíbe,59105,668,59773
353770 Piacatu,4663,624,5287
353780 Piedade,23760,28383,52143
353790 Pilar do Sul,20748,5658,26406
353800 Pindamonhangaba,141708,5287,146995
353810 Pindorama,14235,804,15039
353820 Pinhalzinho,6455,6650,13105
353830 Piquerobi,2669,868,3537
353850 Piquete,13212,895,14107
353860 Piracaia,25116,-,25116
353870 Piracicaba,356743,7828,364571
353880 Piraju,25604,2871,28475
353890 Pirajuí,18501,4203,22704
353900 Pirangi,9528,1095,10623
353910 Pirapora do Bom Jesus,15733,-,15733
353920 Pirapozinho,23462,1232,24694
353930 Pirassununga,64216,5865,70081
353940 Piratininga,10352,1720,12072
353950 Pitangueiras,33948,1359,35307
353960 Planalto,3766,697,4463
353970 Platina,2513,679,3192
353980 Poá,104338,1675,106013
353990 Poloni,4802,593,5395
354000 Pompéia,18574,1390,19964
354010 Pongaí,2925,556,3481
354020 Pontal,39492,752,40244
354025 Pontalinda,3381,693,4074
354030 Pontes Gestal,2123,395,2518
354040 Populina,3412,811,4223
354050 Porangaba,4020,4306,8326
354060 Porto Feliz,41096,7797,48893
354070 Porto Ferreira,50478,922,51400
354075 Potim,14709,4688,19397
354080 Potirendaba,13884,1565,15449
354085 Pracinha,1369,1489,2858
354090 Pradópolis,16100,1277,17377
354100 Praia Grande,262051,-,262051
354105 Pratânia,3485,1114,4599
354110 Presidente Alves,3431,692,4123
354120 Presidente Bernardes,10500,3070,13570
354130 Presidente Epitácio,38545,2773,41318
354140 Presidente Prudente,203375,4235,207610
354150 Presidente Venceslau,36272,1638,37910
354160 Promissão,30070,5604,35674
354165 Quadra,828,2408,3236
354170 Quatá,12011,788,12799
354180 Queiroz,2385,423,2808
354190 Queluz,9275,2034,11309
354200 Quintana,5494,510,6004
354210 Rafard,7591,1021,8612
354220 Rancharia,25828,2976,28804
354230 Redenção da Serra,2213,1660,3873
354240 Regente Feijó,17049,1445,18494
354250 Reginópolis,4362,2961,7323
354260 Registro,48169,6092,54261
354270 Restinga,5179,1408,6587
354280 Ribeira,1236,2122,3358
354290 Ribeirão Bonito,11220,915,12135
354300 Ribeirão Branco,9293,8976,18269
354310 Ribeirão Corrente,3397,876,4273
354320 Ribeirão do Sul,3295,1151,4446
354323 Ribeirão dos Índios,1850,337,2187
354325 Ribeirão Grande,2344,5078,7422
354330 Ribeirão Pires,113068,-,113068
354340 Ribeirão Preto,602966,1716,604682
354360 Rifaina,3008,428,3436
354370 Rincão,8460,1954,10414
354380 Rinópolis,8636,1299,9935
354390 Rio Claro,181720,4533,186253
354400 Rio das Pedras,28562,939,29501
354410 Rio Grande da Serra,43974,-,43974
354420 Riolândia,8366,2209,10575
354350 Riversul,4492,1671,6163
354425 Rosana,15858,3833,19691
354430 Roseira,9116,483,9599
354440 Rubiácea,1563,1166,2729
354450 Rubinéia,2355,507,2862
354460 Sabino,4575,642,5217
354470 Sagres,1819,576,2395
354480 Sales,4907,544,5451
354490 Sales Oliveira,9569,999,10568
354500 Salesópolis,9954,5681,15635
354510 Salmourão,4321,497,4818
354515 Saltinho,5891,1168,7059
354520 Salto,104774,742,105516
354530 Salto de Pirapora,31463,8669,40132
354540 Salto Grande,7933,854,8787
354550 Sandovalina,2581,1118,3699
354560 Santa Adélia,13560,773,14333
354570 Santa Albertina,4891,832,5723
354580 Santa Bárbara d'Oeste,178596,1413,180009
354600 Santa Branca,12140,1623,13763
354610 Santa Clara d'Oeste,1571,513,2084
354620 Santa Cruz da Conceição,2708,1294,4002
354625 Santa Cruz da Esperança,1323,630,1953
354630 Santa Cruz das Palmeiras,29000,932,29932
354640 Santa Cruz do Rio Pardo,40154,3767,43921
354650 Santa Ernestina,5145,423,5568
354660 Santa Fé do Sul,28088,1151,29239
354670 Santa Gertrudes,21404,230,21634
354680 Santa Isabel,39591,10862,50453
354690 Santa Lúcia,7754,494,8248
354700 Santa Maria da Serra,4772,641,5413
354710 Santa Mercedes,2458,373,2831
354740 Santa Rita d'Oeste,1773,770,2543
354750 Santa Rita do Passa Quatro,23701,2777,26478
354760 Santa Rosa de Viterbo,22747,1115,23862
354765 Santa Salete,819,628,1447
354720 Santana da Ponte Pensa,1097,544,1641
354730 Santana de Parnaíba,108813,-,108813
354770 Santo Anastácio,19080,1395,20475
354780 Santo André,676407,-,676407
354790 Santo Antônio da Alegria,4669,1635,6304
354800 Santo Antônio de Posse,18834,1816,20650
354805 Santo Antônio do Aracanguá,5971,1655,7626
354810 Santo Antônio do Jardim,3532,2411,5943
354820 Santo Antônio do Pinhal,3855,2631,6486
354830 Santo Expedito,2478,325,2803
354840 Santópolis do Aguapeí,4133,144,4277
354850 Santos,419086,314,419400
354860 São Bento do Sapucaí,5040,5428,10468
354870 São Bernardo do Campo,752658,12805,765463
354880 São Caetano do Sul,149263,-,149263
354890 São Carlos,213061,8889,221950
354900 São Francisco,2167,626,2793
354910 São João da Boa Vista,80302,3337,83639
354920 São João das Duas Pontes,1961,605,2566
354925 São João de Iracema,1452,328,1780
354930 São João do Pau d'Alho,1705,398,2103
354940 São Joaquim da Barra,45678,834,46512
354950 São José da Bela Vista,7485,921,8406
354960 São José do Barreiro,2869,1208,4077
354970 São José do Rio Pardo,45959,5941,51900
354980 São José do Rio Preto,383490,24768,408258
354990 São José dos Campos,617106,12815,629921
354995 São Lourenço da Serra,12719,1254,13973
355000 São Luís do Paraitinga,6180,4217,10397
355010 São Manuel,37413,929,38342
355020 São Miguel Arcanjo,21502,9948,31450
355030 São Paulo,11152344,101159,11253503
355040 São Pedro,26607,5055,31662
355050 São Pedro do Turvo,5150,2048,7198
355060 São Roque,71488,7333,78821
355070 São Sebastião,73109,833,73942
355080 São Sebastião da Grama,7971,4128,12099
355090 São Simão,12928,1418,14346
355100 São Vicente,331817,628,332445
355110 Sarapuí,6646,2381,9027
355120 Sarutaiá,2957,665,3622
355130 Sebastianópolis do Sul,2347,684,3031
355140 Serra Azul,8017,3239,11256
355160 Serra Negra,22893,3494,26387
355150 Serrana,38466,412,38878
355170 Sertãozinho,108772,1302,110074
355180 Sete Barras,7191,5814,13005
355190 Severínia,14774,727,15501
355200 Silveiras,2879,2913,5792
355210 Socorro,24944,11742,36686
355220 Sorocaba,580655,5970,586625
355230 Sud Mennucci,6389,1046,7435
355240 Sumaré,238470,2841,241311
355255 Suzanápolis,2258,1125,3383
355250 Suzano,253240,9240,262480
355260 Tabapuã,10519,844,11363
355270 Tabatinga,12578,2108,14686
355280 Taboão da Serra,244528,-,244528
355290 Taciba,4852,862,5714
355300 Taguaí,7757,3071,10828
355310 Taiaçu,5339,555,5894
355320 Taiúva,4967,480,5447
355330 Tambaú,19909,2497,22406
355340 Tanabi,21735,2320,24055
355350 Tapiraí,5728,2284,8012
355360 Tapiratiba,10504,2233,12737
355365 Taquaral,2613,113,2726
355370 Taquaritinga,51168,2820,53988
355380 Taquarituba,19579,2712,22291
355385 Taquarivaí,2811,2340,5151
355390 Tarabai,6109,498,6607
355395 Tarumã,12126,759,12885
355400 Tatuí,102256,5070,107326
355410 Taubaté,272673,6013,278686
355420 Tejupá,3120,1689,4809
355430 Teodoro Sampaio,17365,4021,21386
355440 Terra Roxa,8107,398,8505
355450 Tietê,33489,3346,36835
355460 Timburi,1924,722,2646
355465 Torre de Pedra,1469,785,2254
355470 Torrinha,7939,1391,9330
355475 Trabiju,1418,126,1544
355480 Tremembé,36936,4048,40984
355490 Três Fronteiras,4598,829,5427
355495 Tuiuti,2969,2961,5930
355500 Tupã,60930,2546,63476
355510 Tupi Paulista,11206,3063,14269
355520 Turiúba,1580,350,1930
355530 Turmalina,1407,571,1978
355535 Ubarana,4845,444,5289
355540 Ubatuba,76907,1894,78801
355550 Ubirajara,3229,1198,4427
355560 Uchoa,8801,670,9471
355570 União Paulista,1224,375,1599
355580 Urânia,7436,1400,8836
355590 Uru,1081,170,1251
355600 Urupês,11314,1400,12714
355610 Valentim Gentil,10073,963,11036
355620 Valinhos,101626,5167,106793
355630 Valparaíso,21469,1107,22576
355635 Vargem,4421,4380,8801
355640 Vargem Grande do Sul,37274,1992,39266
355645 Vargem Grande Paulista,42997,-,42997
355650 Várzea Paulista,107089,-,107089
355660 Vera Cruz,9363,1406,10769
355670 Vinhedo,61612,1999,63611
355680 Viradouro,16791,506,17297
355690 Vista Alegre do Alto,6352,534,6886
355695 Vitória Brasil,1435,302,1737
355700 Votorantim,104659,4150,108809
355710 Votuporanga,82319,2373,84692
355715 Zacarias,1836,499,2335
410010 Abatiá,5732,2032,7764
410020 Adrianópolis,2060,4316,6376
410030 Agudos do Sul,2822,5448,8270
410040 Almirante Tamandaré,98892,4312,103204
410045 Altamira do Paraná,2135,2171,4306
412862 Alto Paraíso,1772,1434,3206
410060 Alto Paraná,11221,2442,13663
410070 Alto Piquiri,8376,1803,10179
410050 Altônia,15094,5422,20516
410080 Alvorada do Sul,7338,2945,10283
410090 Amaporã,4330,1113,5443
410100 Ampére,13257,4051,17308
410105 Anahy,2108,766,2874
410110 Andirá,19351,1259,20610
410115 Ângulo,2253,606,2859
410120 Antonina,16063,2828,18891
410130 Antônio Olinto,687,6664,7351
410140 Apucarana,114098,6821,120919
410150 Arapongas,101851,2299,104150
410160 Arapoti,21778,4077,25855
410165 Arapuã,1334,2227,3561
410170 Araruna,10475,2944,13419
410180 Araucária,110205,8918,119123
410185 Ariranha do Ivaí,904,1549,2453
410190 Assaí,13587,2767,16354
410200 Assis Chateaubriand,29013,4012,33025
410210 Astorga,22559,2139,24698
410220 Atalaia,3347,566,3913
410230 Balsa Nova,6870,4430,11300
410240 Bandeirantes,28384,3800,32184
410250 Barbosa Ferraz,9581,3075,12656
410270 Barra do Jacaré,1851,876,2727
410260 Barracão,7008,2727,9735
410275 Bela Vista da Caroba,1041,2904,3945
410280 Bela Vista do Paraíso,14196,883,15079
410290 Bituruna,9899,5981,15880
410300 Boa Esperança,2640,1928,4568
410302 Boa Esperança do Iguaçu,953,1811,2764
410304 Boa Ventura de São Roque,1544,5010,6554
410305 Boa Vista da Aparecida,4900,3011,7911
410310 Bocaiúva do Sul,5128,5859,10987
410315 Bom Jesus do Sul,933,2863,3796
410320 Bom Sucesso,5329,1232,6561
410322 Bom Sucesso do Sul,1581,1712,3293
410330 Borrazópolis,5809,2069,7878
410335 Braganey,3417,2318,5735
410337 Brasilândia do Sul,2180,1029,3209
410340 Cafeara,2195,500,2695
410345 Cafelândia,12348,2314,14662
410347 Cafezal do Sul,3325,965,4290
410350 Califórnia,6028,2041,8069
410360 Cambará,22365,1521,23886
410370 Cambé,92952,3781,96733
410380 Cambira,5475,1761,7236
410390 Campina da Lagoa,12557,2837,15394
410395 Campina do Simão,1388,2688,4076
410400 Campina Grande do Sul,31961,6808,38769
410405 Campo Bonito,2580,1827,4407
410410 Campo do Tenente,4194,2931,7125
410420 Campo Largo,94171,18206,112377
410425 Campo Magro,19547,5296,24843
410430 Campo Mourão,82676,4518,87194
410440 Cândido de Abreu,4752,11903,16655
410442 Candói,7026,7957,14983
410445 Cantagalo,8509,4443,12952
410450 Capanema,11150,7376,18526
410460 Capitão Leônidas Marques,11490,3480,14970
410465 Carambeí,13918,5245,19163
410470 Carlópolis,9353,4353,13706
410480 Cascavel,270049,16156,286205
410490 Castro,49266,17818,67084
410500 Catanduvas,5342,4860,10202
410510 Centenário do Sul,9334,1856,11190
410520 Cerro Azul,4808,12130,16938
410530 Céu Azul,8387,2645,11032
410540 Chopinzinho,12508,7171,19679
410550 Cianorte,62282,7676,69958
410560 Cidade Gaúcha,9176,1886,11062
410570 Clevelândia,14758,2482,17240
410580 Colombo,203203,9764,212967
410590 Colorado,21005,1340,22345
410600 Congonhinhas,4834,3445,8279
410610 Conselheiro Mairinck,2515,1121,3636
410620 Contenda,9231,6660,15891
410630 Corbélia,13976,2336,16312
410640 Cornélio Procópio,44308,2620,46928
410645 Coronel Domingos Soares,1753,5485,7238
410650 Coronel Vivida,15445,6304,21749
410655 Corumbataí do Sul,2127,1875,4002
410680 Cruz Machado,6057,11983,18040
410657 Cruzeiro do Iguaçu,2623,1655,4278
410660 Cruzeiro do Oeste,17667,2749,20416
410670 Cruzeiro do Sul,3404,1159,4563
410685 Cruzmaltina,1503,1659,3162
410690 Curitiba,1751907,-,1751907
410700 Curiúva,9573,4350,13923
410715 Diamante D'Oeste,2561,2466,5027
410710 Diamante do Norte,4551,965,5516
410712 Diamante do Sul,1405,2105,3510
410720 Dois Vizinhos,28095,8084,36179
410725 Douradina,5236,2209,7445
410730 Doutor Camargo,5109,719,5828
412863 Doutor Ulysses,929,4798,5727
410740 Enéas Marques,2126,3977,6103
410750 Engenheiro Beltrão,12278,1628,13906
410753 Entre Rios do Oeste,2642,1284,3926
410752 Esperança Nova,752,1218,1970
410754 Espigão Alto do Iguaçu,1646,3031,4677
410755 Farol,2018,1454,3472
410760 Faxinal,12739,3575,16314
410765 Fazenda Rio Grande,75928,5747,81675
410770 Fênix,3995,807,4802
410773 Fernandes Pinheiro,2094,3838,5932
410775 Figueira,7091,1202,8293
410785 Flor da Serra do Sul,1644,3082,4726
410780 Floraí,4472,578,5050
410790 Floresta,5470,461,5931
410800 Florestópolis,10544,678,11222
410810 Flórida,2322,221,2543
410820 Formosa do Oeste,4970,2571,7541
410830 Foz do Iguaçu,253962,2126,256088
410845 Foz do Jordão,3927,1493,5420
410832 Francisco Alves,4234,2184,6418
410840 Francisco Beltrão,67449,11494,78943
410850 General Carneiro,9569,4100,13669
410855 Godoy Moreira,1547,1790,3337
410860 Goioerê,25242,3776,29018
410865 Goioxim,1756,5747,7503
410870 Grandes Rios,3560,3065,6625
410880 Guaíra,28206,2498,30704
410890 Guairaçá,4959,1238,6197
410895 Guamiranga,2236,5664,7900
410900 Guapirama,2900,991,3891
410910 Guaporema,1281,938,2219
410920 Guaraci,4200,1027,5227
410930 Guaraniaçu,7804,6778,14582
410940 Guarapuava,152993,14335,167328
410950 Guaraqueçaba,2683,5188,7871
410960 Guaratuba,28805,3290,32095
410965 Honório Serpa,1988,3967,5955
410970 Ibaiti,23116,5635,28751
410975 Ibema,4941,1125,6066
410980 Ibiporã,45895,2303,48198
410990 Icaraíma,6240,2599,8839
411000 Iguaraçu,3559,423,3982
411005 Iguatu,1438,796,2234
411007 Imbaú,7060,4214,11274
411010 Imbituva,17888,10567,28455
411020 Inácio Martins,6288,4655,10943
411030 Inajá,2761,227,2988
411040 Indianópolis,3147,1152,4299
411050 Ipiranga,4889,9261,14150
411060 Iporã,11777,3204,14981
411065 Iracema do Oeste,2002,576,2578
411070 Irati,44932,11275,56207
411080 Iretama,6187,4435,10622
411090 Itaguajé,3636,932,4568
411095 Itaipulândia,4741,4285,9026
411100 Itambaracá,5080,1679,6759
411110 Itambé,5674,305,5979
411120 Itapejara d'Oeste,6987,3544,10531
411125 Itaperuçu,19956,3931,23887
411130 Itaúna do Sul,2549,1034,3583
411140 Ivaí,4629,8186,12815
411150 Ivaiporã,27438,4378,31816
411155 Ivaté,5233,2281,7514
411160 Ivatuba,2294,716,3010
411170 Jaboti,3027,1875,4902
411180 Jacarezinho,34774,4347,39121
411190 Jaguapitã,10380,1845,12225
411200 Jaguariaíva,28041,4565,32606
411210 Jandaia do Sul,18331,1938,20269
411220 Janiópolis,4038,2494,6532
411230 Japira,2733,2170,4903
411240 Japurá,7619,930,8549
411250 Jardim Alegre,7171,5153,12324
411260 Jardim Olinda,1001,408,1409
411270 Jataizinho,11053,822,11875
411275 Jesuítas,6070,2931,9001
411280 Joaquim Távora,8220,2516,10736
411290 Jundiaí do Sul,1976,1457,3433
411295 Juranda,5839,1802,7641
411300 Jussara,5924,686,6610
411310 Kaloré,3218,1288,4506
411320 Lapa,27222,17710,44932
411325 Laranjal,2031,4329,6360
411330 Laranjeiras do Sul,25031,5746,30777
411340 Leópolis,2401,1744,4145
411342 Lidianópolis,2046,1927,3973
411345 Lindoeste,2384,2977,5361
411350 Loanda,19274,1927,21201
411360 Lobato,4105,296,4401
411370 Londrina,493520,13181,506701
411373 Luiziana,4756,2559,7315
411375 Lunardelli,3594,1566,5160
411380 Lupionópolis,4079,513,4592
411390 Mallet,7570,5403,12973
411400 Mamborê,8984,4977,13961
411410 Mandaguaçu,17585,2196,19781
411420 Mandaguari,30934,1724,32658
411430 Mandirituba,7414,14806,22220
411435 Manfrinópolis,652,2475,3127
411440 Mangueirinha,8394,8654,17048
411450 Manoel Ribas,6805,6364,13169
411460 Marechal Cândido Rondon,39147,7672,46819
411470 Maria Helena,3994,1962,5956
411480 Marialva,25792,6167,31959
411490 Marilândia do Sul,6314,2549,8863
411500 Marilena,4984,1874,6858
411510 Mariluz,8467,1757,10224
411520 Maringá,350653,6424,357077
411530 Mariópolis,4469,1799,6268
411535 Maripá,3262,2422,5684
411540 Marmeleiro,8824,5076,13900
411545 Marquinho,524,4457,4981
411550 Marumbi,3141,1462,4603
411560 Matelândia,11613,4465,16078
411570 Matinhos,29279,149,29428
411573 Mato Rico,957,2861,3818
411575 Mauá da Serra,7013,1542,8555
411580 Medianeira,37390,4427,41817
411585 Mercedes,2439,2607,5046
411590 Mirador,1579,748,2327
411600 Miraselva,1430,432,1862
411605 Missal,5420,5054,10474
411610 Moreira Sales,9933,2673,12606
411620 Morretes,7178,8540,15718
411630 Munhoz de Melo,2974,698,3672
411640 Nossa Senhora das Graças,3182,654,3836
411650 Nova Aliança do Ivaí,1041,390,1431
411660 Nova América da Colina,2524,954,3478
411670 Nova Aurora,9040,2826,11866
411680 Nova Cantu,4104,3321,7425
411690 Nova Esperança,24323,2292,26615
411695 Nova Esperança do Sudoeste,1744,3354,5098
411700 Nova Fátima,6609,1538,8147
411705 Nova Laranjeiras,2372,8869,11241
411710 Nova Londrina,12014,1053,13067
411720 Nova Olímpia,4685,818,5503
411725 Nova Prata do Iguaçu,6067,4310,10377
411721 Nova Santa Bárbara,3279,629,3908
411722 Nova Santa Rosa,5315,2311,7626
411727 Nova Tebas,2891,4507,7398
411729 Novo Itacolomi,1588,1239,2827
411730 Ortigueira,9587,13793,23380
411740 Ourizona,3044,336,3380
411745 Ouro Verde do Oeste,4039,1653,5692
411750 Paiçandu,35445,491,35936
411760 Palmas,39795,3093,42888
411770 Palmeira,19375,12748,32123
411780 Palmital,7399,7466,14865
411790 Palotina,24646,4037,28683
411800 Paraíso do Norte,11099,673,11772
411810 Paranacity,9469,781,10250
411820 Paranaguá,135386,5083,140469
411830 Paranapoema,2500,291,2791
411840 Paranavaí,77728,3862,81590
411845 Pato Bragado,2993,1829,4822
411850 Pato Branco,68091,4279,72370
411860 Paula Freitas,2748,2686,5434
411870 Paulo Frontin,2173,4740,6913
411880 Peabiru,11009,2615,13624
411885 Perobal,3080,2573,5653
411890 Pérola,8070,2138,10208
411900 Pérola d'Oeste,3187,3574,6761
411910 Piên,4523,6713,11236
411915 Pinhais,117008,-,117008
411925 Pinhal de São Bento,1166,1459,2625
411920 Pinhalão,3924,2291,6215
411930 Pinhão,15317,14891,30208
411940 Piraí do Sul,16102,7322,23424
411950 Piraquara,45738,47469,93207
411960 Pitanga,20590,12048,32638
411965 Pitangueiras,2040,774,2814
411970 Planaltina do Paraná,2773,1322,4095
411980 Planalto,6068,7586,13654
411990 Ponta Grossa,304733,6878,311611
411995 Pontal do Paraná,20743,177,20920
412000 Porecatu,11442,2747,14189
412010 Porto Amazonas,2948,1566,4514
412015 Porto Barreiro,691,2972,3663
412020 Porto Rico,1764,766,2530
412030 Porto Vitória,2235,1785,4020
412033 Prado Ferreira,3015,419,3434
412035 Pranchita,3605,2023,5628
412040 Presidente Castelo Branco,4197,587,4784
412050 Primeiro de Maio,10083,749,10832
412060 Prudentópolis,22463,26329,48792
412065 Quarto Centenário,2912,1944,4856
412070 Quatiguá,6372,673,7045
412080 Quatro Barras,17941,1910,19851
412085 Quatro Pontes,2437,1366,3803
412090 Quedas do Iguaçu,20987,9618,30605
412100 Querência do Norte,7622,4107,11729
412110 Quinta do Sol,3811,1277,5088
412120 Quitandinha,4887,12202,17089
412125 Ramilândia,2043,2091,4134
412130 Rancho Alegre,3470,485,3955
412135 Rancho Alegre D'Oeste,2303,544,2847
412140 Realeza,11796,4542,16338
412150 Rebouças,7505,6671,14176
412160 Renascença,3485,3327,6812
412170 Reserva,12206,12966,25172
412175 Reserva do Iguaçu,3905,3402,7307
412180 Ribeirão Claro,7085,3593,10678
412190 Ribeirão do Pinhal,11078,2446,13524
412200 Rio Azul,5012,9081,14093
412210 Rio Bom,2007,1327,3334
412215 Rio Bonito do Iguaçu,3322,10339,13661
412217 Rio Branco do Ivaí,919,2979,3898
412220 Rio Branco do Sul,22045,8605,30650
412230 Rio Negro,25710,5564,31274
412240 Rolândia,54749,3113,57862
412250 Roncador,7120,4417,11537
412260 Rondon,7196,1800,8996
412265 Rosário do Ivaí,2721,2867,5588
412270 Sabáudia,5097,999,6096
412280 Salgado Filho,2254,2149,4403
412290 Salto do Itararé,3723,1455,5178
412300 Salto do Lontra,7431,6258,13689
412310 Santa Amélia,2886,917,3803
412320 Santa Cecília do Pavão,3057,589,3646
412330 Santa Cruz de Monte Castelo,5753,2339,8092
412340 Santa Fé,9232,1200,10432
412350 Santa Helena,12586,10827,23413
412360 Santa Inês,1192,626,1818
412370 Santa Isabel do Ivaí,7062,1698,8760
412380 Santa Izabel do Oeste,7421,5711,13132
412382 Santa Lúcia,2536,1389,3925
412385 Santa Maria do Oeste,3211,8289,11500
412390 Santa Mariana,8320,4115,12435
412395 Santa Mônica,1475,2096,3571
412402 Santa Tereza do Oeste,8035,2297,10332
412405 Santa Terezinha de Itaipu,18837,2004,20841
412400 Santana do Itararé,3456,1793,5249
412410 Santo Antônio da Platina,36944,5763,42707
412420 Santo Antônio do Caiuá,2123,604,2727
412430 Santo Antônio do Paraíso,1822,586,2408
412440 Santo Antônio do Sudoeste,13711,5182,18893
412450 Santo Inácio,4200,1069,5269
412460 São Carlos do Ivaí,5679,675,6354
412470 São Jerônimo da Serra,5661,5676,11337
412480 São João,6735,3864,10599
412490 São João do Caiuá,5039,872,5911
412500 São João do Ivaí,8874,2651,11525
412510 São João do Triunfo,4048,9656,13704
412520 São Jorge d'Oeste,5214,3871,9085
412530 São Jorge do Ivaí,4781,736,5517
412535 São Jorge do Patrocínio,3539,2502,6041
412540 São José da Boa Vista,3864,2647,6511
412545 São José das Palmeiras,2411,1419,3830
412550 São José dos Pinhais,236895,27315,264210
412555 São Manoel do Paraná,1159,939,2098
412560 São Mateus do Sul,25706,15551,41257
412570 São Miguel do Iguaçu,16485,9284,25769
412575 São Pedro do Iguaçu,4055,2436,6491
412580 São Pedro do Ivaí,8044,2123,10167
412590 São Pedro do Paraná,1631,860,2491
412600 São Sebastião da Amoreira,7593,1033,8626
412610 São Tomé,4446,903,5349
412620 Sapopema,3552,3184,6736
412625 Sarandi,82146,701,82847
412627 Saudade do Iguaçu,2503,2525,5028
412630 Sengés,15107,3307,18414
412635 Serranópolis do Iguaçu,2322,2246,4568
412640 Sertaneja,5105,712,5817
412650 Sertanópolis,13711,1927,15638
412660 Siqueira Campos,13424,5030,18454
412665 Sulina,1390,2004,3394
412667 Tamarana,5858,6404,12262
412670 Tamboara,3996,668,4664
412680 Tapejara,13166,1432,14598
412690 Tapira,3435,2401,5836
412700 Teixeira Soares,4796,5487,10283
412710 Telêmaco Borba,68440,1432,69872
412720 Terra Boa,13051,2725,15776
412730 Terra Rica,12370,2851,15221
412740 Terra Roxa,12801,3958,16759
412750 Tibagi,11668,7676,19344
412760 Tijucas do Sul,2285,12252,14537
412770 Toledo,108259,11054,119313
412780 Tomazina,4119,4672,8791
412785 Três Barras do Paraná,6095,5729,11824
412788 Tunas do Paraná,2792,3464,6256
412790 Tuneiras do Oeste,5973,2722,8695
412795 Tupãssi,6286,1711,7997
412796 Turvo,5048,8763,13811
412800 Ubiratã,18397,3161,21558
412810 Umuarama,93455,7221,100676
412820 União da Vitória,49983,2752,52735
412830 Uniflor,1987,479,2466
412840 Uraí,9358,2114,11472
412853 Ventania,6511,3446,9957
412855 Vera Cruz do Oeste,6863,2110,8973
412860 Verê,3281,4597,7878
412865 Virmond,1880,2070,3950
412870 Vitorino,3988,2525,6513
412850 Wenceslau Braz,15509,3789,19298
412880 Xambrê,1990,4022,6012
420005 Abdon Batista,724,1929,2653
420010 Abelardo Luz,9570,7530,17100
420020 Agrolândia,5959,3364,9323
420030 Agronômica,1858,3046,4904
420040 Água Doce,3433,3528,6961
420050 Águas de Chapecó,3236,2874,6110
420055 Águas Frias,981,1443,2424
420060 Águas Mornas,2327,3221,5548
420070 Alfredo Wagner,2868,6542,9410
420075 Alto Bela Vista,605,1400,2005
420080 Anchieta,2586,3794,6380
420090 Angelina,1123,4127,5250
420100 Anita Garibaldi,4551,4072,8623
420110 Anitápolis,1315,1899,3214
420120 Antônio Carlos,2341,5117,7458
420125 Apiúna,4288,5312,9600
420127 Arabutã,1307,2886,4193
420130 Araquari,23353,1457,24810
420140 Araranguá,50526,10784,61310
420150 Armazém,4884,2869,7753
420160 Arroio Trinta,2397,1105,3502
420165 Arvoredo,501,1759,2260
420170 Ascurra,6457,955,7412
420180 Atalanta,1368,1932,3300
420190 Aurora,1931,3618,5549
420195 Balneário Arroio do Silva,9391,195,9586
420205 Balneário Barra do Sul,8035,395,8430
420200 Balneário Camboriú,108089,-,108089
420207 Balneário Gaivota,6363,1871,8234
421280 Balneário Piçarras,15500,1578,17078
420208 Bandeirante,931,1975,2906
420209 Barra Bonita,279,1599,1878
420210 Barra Velha,21320,1066,22386
420213 Bela Vista do Toldo,847,5157,6004
420215 Belmonte,1273,1362,2635
420220 Benedito Novo,5804,4532,10336
420230 Biguaçu,52758,5448,58206
420240 Blumenau,294773,14238,309011
420243 Bocaina do Sul,967,2323,3290
420250 Bom Jardim da Serra,2397,1998,4395
420253 Bom Jesus,1495,1031,2526
420257 Bom Jesus do Oeste,647,1485,2132
420260 Bom Retiro,6417,2525,8942
420245 Bombinhas,14293,-,14293
420270 Botuverá,1310,3158,4468
420280 Braço do Norte,23383,5635,29018
420285 Braço do Trombudo,1898,1559,3457
420287 Brunópolis,705,2145,2850
420290 Brusque,102025,3478,105503
420300 Caçador,64457,6305,70762
420310 Caibi,3578,2641,6219
420315 Calmon,2115,1272,3387
420320 Camboriú,59231,3130,62361
420330 Campo Alegre,7237,4511,11748
420340 Campo Belo do Sul,4406,3077,7483
420350 Campo Erê,6252,3118,9370
420360 Campos Novos,27064,5760,32824
420370 Canelinha,6726,3877,10603
420380 Canoinhas,39273,13492,52765
420325 Capão Alto,962,1791,2753
420390 Capinzal,17754,3015,20769
420395 Capivari de Baixo,19816,1858,21674
420400 Catanduvas,8094,1461,9555
420410 Caxambu do Sul,2155,2256,4411
420415 Celso Ramos,872,1899,2771
420417 Cerro Negro,764,2817,3581
420419 Chapadão do Lageado,513,2249,2762
420420 Chapecó,168113,15417,183530
420425 Cocal do Sul,12696,2463,15159
420430 Concórdia,54865,13756,68621
420435 Cordilheira Alta,1448,2319,3767
420440 Coronel Freitas,6067,4146,10213
420445 Coronel Martins,685,1773,2458
420455 Correia Pinto,12022,2763,14785
420450 Corupá,10669,3183,13852
420460 Criciúma,189630,2678,192308
420470 Cunha Porã,6519,4094,10613
420475 Cunhataí,569,1313,1882
420480 Curitibanos,34769,2979,37748
420490 Descanso,4297,4337,8634
420500 Dionísio Cerqueira,10191,4620,14811
420510 Dona Emma,1868,1853,3721
420515 Doutor Pedrinho,2019,1585,3604
420517 Entre Rios,928,2090,3018
420519 Ermo,619,1431,2050
420520 Erval Velho,2842,1510,4352
420530 Faxinal dos Guedes,7718,2943,10661
420535 Flor do Sertão,328,1260,1588
420540 Florianópolis,405286,15954,421240
420543 Formosa do Sul,1084,1517,2601
420545 Forquilhinha,18426,4122,22548
420550 Fraiburgo,30291,4262,34553
420555 Frei Rogério,706,1768,2474
420560 Galvão,2347,1125,3472
420570 Garopaba,15320,2818,18138
420580 Garuva,11451,3310,14761
420590 Gaspar,47126,10855,57981
420600 Governador Celso Ramos,12252,747,12999
420610 Grão Pará,3019,3204,6223
420620 Gravatal,4443,6192,10635
420630 Guabiruba,17066,1364,18430
420640 Guaraciaba,4924,5574,10498
420650 Guaramirim,28046,7126,35172
420660 Guarujá do Sul,2655,2253,4908
420665 Guatambú,1749,2930,4679
420670 Herval d'Oeste,18851,2388,21239
420675 Ibiam,695,1250,1945
420680 Ibicaré,1557,1816,3373
420690 Ibirama,14813,2517,17330
420700 Içara,53913,4920,58833
420710 Ilhota,7898,4457,12355
420720 Imaruí,4005,7667,11672
420730 Imbituba,40170,-,40170
420740 Imbuia,2515,3192,5707
420750 Indaial,52927,1927,54854
420757 Iomerê,907,1832,2739
420760 Ipira,2521,2231,4752
420765 Iporã do Oeste,4122,4287,8409
420768 Ipuaçu,1377,5421,6798
420770 Ipumirim,3148,4072,7220
420775 Iraceminha,1468,2785,4253
420780 Irani,6520,3011,9531
420785 Irati,449,1647,2096
420790 Irineópolis,3519,6929,10448
420800 Itá,4057,2369,6426
420810 Itaiópolis,10737,9564,20301
420820 Itajaí,173452,9921,183373
420830 Itapema,44659,1138,45797
420840 Itapiranga,7616,7793,15409
420845 Itapoá,14172,591,14763
420850 Ituporanga,14832,7418,22250
420860 Jaborá,1605,2436,4041
420870 Jacinto Machado,5133,5476,10609
420880 Jaguaruna,13198,4092,17290
420890 Jaraguá do Sul,132800,10323,143123
420895 Jardinópolis,799,967,1766
420900 Joaçaba,24924,2096,27020
420910 Joinville,497850,17438,515288
420915 José Boiteux,1611,3110,4721
420917 Jupiá,1044,1104,2148
420920 Lacerdópolis,1160,1039,2199
420930 Lages,153937,2790,156727
420940 Laguna,40655,10907,51562
420945 Lajeado Grande,648,842,1490
420950 Laurentino,4374,1630,6004
420960 Lauro Muller,11106,3261,14367
420970 Lebon Régis,7522,4316,11838
420980 Leoberto Leal,820,2545,3365
420985 Lindóia do Sul,1930,2712,4642
420990 Lontras,7014,3230,10244
421000 Luiz Alves,3256,7182,10438
421003 Luzerna,4259,1341,5600
421005 Macieira,501,1325,1826
421010 Mafra,41318,11594,52912
421020 Major Gercino,1249,2030,3279
421030 Major Vieira,2961,4518,7479
421040 Maracajá,4256,2148,6404
421050 Maravilha,18087,4014,22101
421055 Marema,760,1443,2203
421060 Massaranduba,7606,7068,14674
421070 Matos Costa,1465,1374,2839
421080 Meleiro,3649,3351,7000
421085 Mirim Doce,1202,1311,2513
421090 Modelo,2692,1353,4045
421100 Mondaí,6305,3926,10231
421105 Monte Carlo,8076,1236,9312
421110 Monte Castelo,4849,3497,8346
421120 Morro da Fumaça,13863,2263,16126
421125 Morro Grande,756,2134,2890
421130 Navegantes,57402,3154,60556
421140 Nova Erechim,3211,1064,4275
421145 Nova Itaberaba,1530,2737,4267
421150 Nova Trento,9129,3061,12190
421160 Nova Veneza,8927,4382,13309
421165 Novo Horizonte,921,1829,2750
421170 Orleans,16084,5309,21393
421175 Otacílio Costa,14891,1446,16337
421180 Ouro,4844,2528,7372
421185 Ouro Verde,715,1556,2271
421187 Paial,336,1427,1763
421189 Painel,945,1408,2353
421190 Palhoça,135311,2023,137334
421200 Palma Sola,4468,3297,7765
421205 Palmeira,925,1448,2373
421210 Palmitos,9871,6149,16020
421220 Papanduva,9184,8744,17928
421223 Paraíso,1451,2629,4080
421225 Passo de Torres,5873,754,6627
421227 Passos Maia,1099,3326,4425
421230 Paulo Lopes,4820,1872,6692
421240 Pedras Grandes,1261,2846,4107
421250 Penha,23064,2077,25141
421260 Peritiba,1481,1507,2988
421270 Petrolândia,2225,3906,6131
421290 Pinhalzinho,13615,2717,16332
421300 Pinheiro Preto,1700,1447,3147
421310 Piratuba,2855,1931,4786
421315 Planalto Alegre,1067,1587,2654
421320 Pomerode,23823,3936,27759
421330 Ponte Alta,3578,1316,4894
421335 Ponte Alta do Norte,3007,296,3303
421340 Ponte Serrada,7624,3407,11031
421350 Porto Belo,15167,916,16083
421360 Porto União,28266,5227,33493
421370 Pouso Redondo,9024,5786,14810
421380 Praia Grande,4297,2970,7267
421390 Presidente Castello Branco,553,1172,1725
421400 Presidente Getúlio,10535,4352,14887
421410 Presidente Nereu,808,1476,2284
421415 Princesa,1004,1754,2758
421420 Quilombo,5746,4502,10248
421430 Rancho Queimado,1290,1458,2748
421440 Rio das Antas,2740,3403,6143
421450 Rio do Campo,2632,3560,6192
421460 Rio do Oeste,3390,3700,7090
421480 Rio do Sul,56785,4413,61198
421470 Rio dos Cedros,5110,5174,10284
421490 Rio Fortuna,1523,2923,4446
421500 Rio Negrinho,36348,3498,39846
421505 Rio Rufino,688,1748,2436
421507 Riqueza,2154,2684,4838
421510 Rodeio,9424,1498,10922
421520 Romelândia,2008,3543,5551
421530 Salete,4987,2383,7370
421535 Saltinho,1255,2706,3961
421540 Salto Veloso,3402,899,4301
421545 Sangão,4856,5544,10400
421550 Santa Cecília,13663,2094,15757
421555 Santa Helena,882,1500,2382
421560 Santa Rosa de Lima,518,1547,2065
421565 Santa Rosa do Sul,3746,4308,8054
421567 Santa Terezinha,1513,7254,8767
421568 Santa Terezinha do Progresso,539,2357,2896
421569 Santiago do Sul,650,815,1465
421570 Santo Amaro da Imperatriz,14970,4853,19823
421580 São Bento do Sul,71234,3567,74801
421575 São Bernardino,719,1958,2677
421590 São Bonifácio,685,2323,3008
421600 São Carlos,6902,3389,10291
421605 São Cristovão do Sul,3800,1212,5012
421610 São Domingos,6313,3178,9491
421620 São Francisco do Sul,39490,3030,42520
421630 São João Batista,23551,2709,26260
421635 São João do Itaperiú,1925,1510,3435
421625 São João do Oeste,2119,3917,6036
421640 São João do Sul,1572,5430,7002
421650 São Joaquim,17573,7239,24812
421660 São José,207312,2492,209804
421670 São José do Cedro,8447,5237,13684
421680 São José do Cerrito,2492,6781,9273
421690 São Lourenço do Oeste,16880,4912,21792
421700 São Ludgero,9863,1130,10993
421710 São Martinho,1231,1978,3209
421715 São Miguel da Boa Vista,439,1465,1904
421720 São Miguel do Oeste,32065,4241,36306
421725 São Pedro de Alcântara,3729,975,4704
421730 Saudades,5123,3893,9016
421740 Schroeder,13703,1613,15316
421750 Seara,11586,5350,16936
421755 Serra Alta,1835,1450,3285
421760 Siderópolis,10051,2947,12998
421770 Sombrio,19638,6975,26613
421775 Sul Brasil,1011,1755,2766
421780 Taió,9964,7296,17260
421790 Tangará,4984,3690,8674
421795 Tigrinhos,343,1414,1757
421800 Tijucas,26002,4958,30960
421810 Timbé do Sul,1845,3463,5308
421820 Timbó,34296,2478,36774
421825 Timbó Grande,4083,3084,7167
421830 Três Barras,15365,2764,18129
421835 Treviso,1833,1694,3527
421840 Treze de Maio,3401,3475,6876
421850 Treze Tílias,4715,1626,6341
421860 Trombudo Central,4101,2452,6553
421870 Tubarão,88094,9141,97235
421875 Tunápolis,1418,3215,4633
421880 Turvo,7915,3939,11854
421885 União do Oeste,1107,1803,2910
421890 Urubici,7066,3633,10699
421895 Urupema,1232,1250,2482
421900 Urussanga,11405,8818,20223
421910 Vargeão,1820,1712,3532
421915 Vargem,896,1912,2808
421917 Vargem Bonita,2677,2116,4793
421920 Vidal Ramos,1792,4498,6290
421930 Videira,42856,4332,47188
421935 Vitor Meireles,1445,3762,5207
421940 Witmarsum,845,2755,3600
421950 Xanxerê,39143,4985,44128
421960 Xavantina,1118,3024,4142
421970 Xaxim,20967,4746,25713
421985 Zortéa,2336,655,2991
430003 Aceguá,1059,3335,4394
430005 Água Santa,1447,2275,3722
430010 Agudo,6889,9833,16722
430020 Ajuricaba,4108,3147,7255
430030 Alecrim,2165,4880,7045
430040 Alegrete,69594,8059,77653
430045 Alegria,1585,2716,4301
430047 Almirante Tamandaré do Sul,839,1228,2067
430050 Alpestre,2211,5816,8027
430055 Alto Alegre,743,1105,1848
430057 Alto Feliz,816,2101,2917
430060 Alvorada,195673,-,195673
430063 Amaral Ferrador,1866,4487,6353
430064 Ametista do Sul,3811,3512,7323
430066 André da Rocha,496,720,1216
430070 Anta Gorda,2331,3742,6073
430080 Antônio Prado,9235,3598,12833
430085 Arambaré,2913,780,3693
430087 Araricá,3996,868,4864
430090 Aratiba,3316,3249,6565
430100 Arroio do Meio,14663,4120,18783
430107 Arroio do Padre,454,2276,2730
430105 Arroio do Sal,7509,231,7740
430120 Arroio do Tigre,5962,6686,12648
430110 Arroio dos Ratos,12956,650,13606
430130 Arroio Grande,16085,2385,18470
430140 Arvorezinha,6273,3952,10225
430150 Augusto Pestana,3657,3439,7096
430155 Áurea,1537,2128,3665
430160 Bagé,97765,19029,116794
430163 Balneário Pinhal,10743,113,10856
430165 Barão,2970,2771,5741
430170 Barão de Cotegipe,3966,2563,6529
430175 Barão do Triunfo,697,6321,7018
430185 Barra do Guarita,1371,1718,3089
430187 Barra do Quaraí,2840,1172,4012
430190 Barra do Ribeiro,9291,3281,12572
430192 Barra do Rio Azul,403,1600,2003
430195 Barra Funda,1522,845,2367
430180 Barracão,3037,2320,5357
430200 Barros Cassal,3531,7602,11133
430205 Benjamin Constant do Sul,341,1966,2307
430210 Bento Gonçalves,99069,8209,107278
430215 Boa Vista das Missões,886,1228,2114
430220 Boa Vista do Buricá,4366,2208,6574
430222 Boa Vista do Cadeado,472,1969,2441
430223 Boa Vista do Incra,724,1701,2425
430225 Boa Vista do Sul,391,2385,2776
430230 Bom Jesus,8593,2926,11519
430235 Bom Princípio,9198,2591,11789
430237 Bom Progresso,1146,1182,2328
430240 Bom Retiro do Sul,9162,2310,11472
430245 Boqueirão do Leão,1672,6001,7673
430250 Bossoroca,3682,3202,6884
430258 Bozano,629,1571,2200
430260 Braga,2282,1420,3702
430265 Brochier,2296,2379,4675
430270 Butiá,19330,1076,20406
430280 Caçapava do Sul,25410,8280,33690
430290 Cacequi,11952,1724,13676
430300 Cachoeira do Sul,71700,12127,83827
430310 Cachoeirinha,118278,-,118278
430320 Cacique Doble,1628,3240,4868
430330 Caibaté,2745,2209,4954
430340 Caiçara,1594,3477,5071
430350 Camaquã,49356,13408,62764
430355 Camargo,1095,1497,2592
430360 Cambará do Sul,3041,3501,6542
430367 Campestre da Serra,1231,2016,3247
430370 Campina das Missões,2188,3929,6117
430380 Campinas do Sul,4217,1289,5506
430390 Campo Bom,57338,2736,60074
430400 Campo Novo,4109,1350,5459
430410 Campos Borges,2006,1488,3494
430420 Candelária,15715,14456,30171
430430 Cândido Godói,1846,4689,6535
430435 Candiota,2598,6173,8771
430440 Canela,35831,3398,39229
430450 Canguçu,19694,33565,53259
430460 Canoas,323827,-,323827
430461 Canudos do Vale,411,1396,1807
430462 Capão Bonito do Sul,499,1255,1754
430463 Capão da Canoa,41787,253,42040
430465 Capão do Cipó,519,2585,3104
430466 Capão do Leão,22382,1916,24298
430468 Capela de Santana,6915,4697,11612
430469 Capitão,1147,1489,2636
430467 Capivari do Sul,3230,660,3890
430471 Caraá,1058,6254,7312
430470 Carazinho,58253,1064,59317
430480 Carlos Barbosa,19992,5200,25192
430485 Carlos Gomes,378,1229,1607
430490 Casca,5090,3561,8651
430495 Caseiros,1488,1519,3007
430500 Catuípe,5998,3325,9323
430510 Caxias do Sul,419406,16158,435564
430511 Centenário,949,2016,2965
430512 Cerrito,3747,2655,6402
430513 Cerro Branco,1274,3180,4454
430515 Cerro Grande,830,1587,2417
430517 Cerro Grande do Sul,2484,7784,10268
430520 Cerro Largo,10571,2718,13289
430530 Chapada,5573,3804,9377
430535 Charqueadas,34490,830,35320
430537 Charrua,584,2887,3471
430540 Chiapetta,2470,1574,4044
430543 Chuí,5697,220,5917
430544 Chuvisca,273,4671,4944
430545 Cidreira,12260,408,12668
430550 Ciríaco,2494,2428,4922
430558 Colinas,1105,1315,2420
430560 Colorado,1844,1706,3550
430570 Condor,4034,2518,6552
430580 Constantina,6510,3242,9752
430583 Coqueiro Baixo,282,1246,1528
430585 Coqueiros do Sul,904,1553,2457
430587 Coronel Barros,1093,1366,2459
430590 Coronel Bicaco,5068,2680,7748
430593 Coronel Pilar,174,1551,1725
430595 Cotiporã,2048,1869,3917
430597 Coxilha,1739,1087,2826
430600 Crissiumal,6124,7960,14084
430605 Cristal,4077,3203,7280
430607 Cristal do Sul,931,1895,2826
430610 Cruz Alta,60594,2227,62821
430613 Cruzaltense,489,1652,2141
430620 Cruzeiro do Sul,7476,4844,12320
430630 David Canabarro,1912,2771,4683
430632 Derrubadas,901,2289,3190
430635 Dezesseis de Novembro,667,2199,2866
430637 Dilermando de Aguiar,991,2073,3064
430640 Dois Irmãos,27276,296,27572
430642 Dois Irmãos das Missões,1094,1063,2157
430645 Dois Lajeados,1564,1714,3278
430650 Dom Feliciano,3334,11046,14380
430660 Dom Pedrito,35255,3643,38898
430655 Dom Pedro de Alcântara,741,1809,2550
430670 Dona Francisca,2146,1255,3401
430673 Doutor Maurício Cardoso,2619,2694,5313
430675 Doutor Ricardo,693,1337,2030
430676 Eldorado do Sul,30800,3543,34343
430680 Encantado,17879,2631,20510
430690 Encruzilhada do Sul,17119,7415,24534
430692 Engenho Velho,599,928,1527
430695 Entre Rios do Sul,2130,950,3080
430693 Entre-Ijuís,4893,4045,8938
430697 Erebango,1958,1012,2970
430700 Erechim,90552,5535,96087
430705 Ernestina,1671,1417,3088
430720 Erval Grande,2690,2473,5163
430730 Erval Seco,3437,4441,7878
430740 Esmeralda,2128,1040,3168
430745 Esperança do Sul,844,2428,3272
430750 Espumoso,11131,4109,15240
430755 Estação,5119,892,6011
430760 Estância Velha,41484,1090,42574
430770 Esteio,80643,112,80755
430780 Estrela,25913,4706,30619
430781 Estrela Velha,1167,2461,3628
430783 Eugênio de Castro,1480,1318,2798
430786 Fagundes Varela,1293,1286,2579
430790 Farroupilha,55053,8582,63635
430800 Faxinal do Soturno,4175,2497,6672
430805 Faxinalzinho,1273,1294,2567
430807 Fazenda Vilanova,2013,1684,3697
430810 Feliz,9416,2943,12359
430820 Flores da Cunha,20855,6271,27126
430825 Floriano Peixoto,292,1726,2018
430830 Fontoura Xavier,4100,6619,10719
430840 Formigueiro,2769,4245,7014
430843 Forquetinha,468,2011,2479
430845 Fortaleza dos Valos,2993,1582,4575
430850 Frederico Westphalen,23333,5510,28843
430860 Garibaldi,27211,3478,30689
430865 Garruchos,1057,2177,3234
430870 Gaurama,3388,2474,5862
430880 General Câmara,4966,3481,8447
430885 Gentil,723,954,1677
430890 Getúlio Vargas,13862,2292,16154
430900 Giruá,12907,4168,17075
430905 Glorinha,2067,4824,6891
430910 Gramado,29013,3260,32273
430912 Gramado dos Loureiros,526,1743,2269
430915 Gramado Xavier,529,3441,3970
430920 Gravataí,243497,12163,255660
430925 Guabiju,738,860,1598
430930 Guaíba,93064,2140,95204
430940 Guaporé,20820,1994,22814
430950 Guarani das Missões,5030,3085,8115
430955 Harmonia,2456,1798,4254
430710 Herval,4519,2234,6753
430957 Herveiras,384,2570,2954
430960 Horizontina,14569,3779,18348
430965 Hulha Negra,2909,3134,6043
430970 Humaitá,2911,2008,4919
430975 Ibarama,1053,3318,4371
430980 Ibiaçá,2849,1861,4710
430990 Ibiraiaras,3817,3354,7171
430995 Ibirapuitã,2391,1670,4061
431000 Ibirubá,15342,3968,19310
431010 Igrejinha,30190,1470,31660
431020 Ijuí,71550,7365,78915
431030 Ilópolis,2207,1895,4102
431033 Imbé,17661,9,17670
431036 Imigrante,1499,1524,3023
431040 Independência,4157,2461,6618
431041 Inhacorá,1346,921,2267
431043 Ipê,2913,3103,6016
431046 Ipiranga do Sul,679,1265,1944
431050 Iraí,4457,3621,8078
431053 Itaara,3968,1042,5010
431055 Itacurubi,1184,2257,3441
431057 Itapuca,558,1786,2344
431060 Itaqui,33311,4848,38159
431065 Itati,212,2372,2584
431070 Itatiba do Sul,1729,2442,4171
431075 Ivorá,705,1451,2156
431080 Ivoti,18062,1812,19874
431085 Jaboticaba,1487,2611,4098
431087 Jacuizinho,562,1945,2507
431090 Jacutinga,2573,1060,3633
431100 Jaguarão,26105,1826,27931
431110 Jaguari,6531,4942,11473
431112 Jaquirana,2430,1747,4177
431113 Jari,613,2962,3575
431115 Jóia,2089,6242,8331
431120 Júlio de Castilhos,16106,3473,19579
431123 Lagoa Bonita do Sul,384,2278,2662
431127 Lagoa dos Três Cantos,807,791,1598
431130 Lagoa Vermelha,24136,3389,27525
431125 Lagoão,1655,4530,6185
431140 Lajeado,71180,265,71445
431142 Lajeado do Bugre,706,1781,2487
431150 Lavras do Sul,4758,2921,7679
431160 Liberato Salzano,1297,4483,5780
431162 Lindolfo Collor,4287,940,5227
431164 Linha Nova,416,1208,1624
431171 Maçambará,1310,3428,4738
431170 Machadinho,3385,2125,5510
431173 Mampituba,568,2435,3003
431175 Manoel Viana,5362,1710,7072
431177 Maquiné,2064,4841,6905
431179 Maratá,753,1774,2527
431180 Marau,31558,4806,36364
431190 Marcelino Ramos,2722,2412,5134
431198 Mariana Pimentel,638,3130,3768
431200 Mariano Moro,1153,1057,2210
431205 Marques de Souza,1545,2523,4068
431210 Mata,2618,2493,5111
431213 Mato Castelhano,521,1949,2470
431215 Mato Leitão,1621,2244,3865
431217 Mato Queimado,479,1320,1799
431220 Maximiliano de Almeida,2974,1937,4911
431225 Minas do Leão,7340,291,7631
431230 Miraguaí,2069,2786,4855
431235 Montauri,644,898,1542
431237 Monte Alegre dos Campos,645,2457,3102
431238 Monte Belo do Sul,770,1900,2670
431240 Montenegro,53629,5786,59415
431242 Mormaço,600,2149,2749
431244 Morrinhos do Sul,1300,1882,3182
431245 Morro Redondo,2648,3579,6227
431247 Morro Reuter,4841,835,5676
431250 Mostardas,8143,3981,12124
431260 Muçum,4044,747,4791
431261 Muitos Capões,970,2018,2988
431262 Muliterno,508,1305,1813
431265 Não-Me-Toque,13966,1970,15936
431267 Nicolau Vergueiro,636,1085,1721
431270 Nonoai,9065,3009,12074
431275 Nova Alvorada,1332,1850,3182
431280 Nova Araçá,2880,1121,4001
431290 Nova Bassano,5514,3326,8840
431295 Nova Boa Vista,578,1382,1960
431300 Nova Bréscia,1511,1673,3184
431301 Nova Candelária,709,2042,2751
431303 Nova Esperança do Sul,3599,1072,4671
431306 Nova Hartz,15269,3077,18346
431308 Nova Pádua,732,1718,2450
431310 Nova Palma,3083,3259,6342
431320 Nova Petrópolis,14134,4911,19045
431330 Nova Prata,18659,4171,22830
431333 Nova Ramada,670,1767,2437
431335 Nova Roma do Sul,1585,1758,3343
431337 Nova Santa Rita,19475,3241,22716
431349 Novo Barreiro,1306,2672,3978
431339 Novo Cabrais,545,3310,3855
431340 Novo Hamburgo,234798,4142,238940
431342 Novo Machado,1553,2372,3925
431344 Novo Tiradentes,654,1623,2277
431346 Novo Xingu,554,1203,1757
431350 Osório,37917,2989,40906
431360 Paim Filho,2253,1990,4243
431365 Palmares do Sul,9803,1166,10969
431370 Palmeira das Missões,29831,4497,34328
431380 Palmitinho,3393,3527,6920
431390 Panambi,34562,3496,38058
431395 Pantano Grande,8314,1581,9895
431400 Paraí,3816,2996,6812
431402 Paraíso do Sul,2852,4484,7336
431403 Pareci Novo,981,2530,3511
431405 Parobé,48633,2869,51502
431406 Passa Sete,555,4599,5154
431407 Passo do Sobrado,1429,4582,6011
431410 Passo Fundo,180120,4706,184826
431413 Paulo Bento,594,1602,2196
431415 Paverama,4098,3946,8044
431417 Pedras Altas,768,1444,2212
431420 Pedro Osório,7301,510,7811
431430 Pejuçara,2672,1301,3973
431440 Pelotas,306193,22082,328275
431442 Picada Café,4559,623,5182
431445 Pinhal,1290,1223,2513
431446 Pinhal da Serra,478,1652,2130
431447 Pinhal Grande,1895,2576,4471
431449 Pinheirinho do Vale,915,3582,4497
431450 Pinheiro Machado,9784,2996,12780
431455 Pirapó,777,1980,2757
431460 Piratini,11570,8271,19841
431470 Planalto,5932,4592,10524
431475 Poço das Antas,861,1156,2017
431477 Pontão,1559,2298,3857
431478 Ponte Preta,512,1238,1750
431480 Portão,25276,5644,30920
431490 Porto Alegre,1409351,-,1409351
431500 Porto Lucena,2331,3082,5413
431505 Porto Mauá,954,1588,2542
431507 Porto Vera Cruz,440,1412,1852
431510 Porto Xavier,5210,5348,10558
431513 Pouso Novo,632,1243,1875
431514 Presidente Lucena,1511,973,2484
431515 Progresso,1873,4290,6163
431517 Protásio Alves,427,1573,2000
431520 Putinga,1577,2564,4141
431530 Quaraí,21310,1711,23021
431531 Quatro Irmãos,916,859,1775
431532 Quevedos,852,1858,2710
431535 Quinze de Novembro,1961,1692,3653
431540 Redentora,3002,7220,10222
431545 Relvado,734,1421,2155
431550 Restinga Sêca,8982,6867,15849
431555 Rio dos Índios,755,2861,3616
431560 Rio Grande,189429,7799,197228
431570 Rio Pardo,25614,11977,37591
431575 Riozinho,2748,1582,4330
431580 Roca Sales,6600,3684,10284
431590 Rodeio Bonito,4310,1433,5743
431595 Rolador,608,1938,2546
431600 Rolante,15310,4175,19485
431610 Ronda Alta,6867,3354,10221
431620 Rondinha,2317,3201,5518
431630 Roque Gonzales,3087,4116,7203
431640 Rosário do Sul,34931,4776,39707
431642 Sagrada Família,785,1810,2595
431643 Saldanha Marinho,1927,942,2869
431645 Salto do Jacuí,10208,1672,11880
431647 Salvador das Missões,1094,1575,2669
431650 Salvador do Sul,4009,2738,6747
431660 Sananduva,10697,4676,15373
431710 Sant'Ana do Livramento,74410,8054,82464
431670 Santa Bárbara do Sul,6985,1844,8829
431673 Santa Cecília do Sul,480,1175,1655
431675 Santa Clara do Sul,2855,2842,5697
431680 Santa Cruz do Sul,105190,13184,118374
431697 Santa Margarida do Sul,552,1800,2352
431690 Santa Maria,248347,12684,261031
431695 Santa Maria do Herval,4362,1691,6053
431720 Santa Rosa,60366,8221,68587
431725 Santa Tereza,627,1093,1720
431730 Santa Vitória do Palmar,26890,4100,30990
431700 Santana da Boa Vista,3723,4519,8242
431740 Santiago,44735,4336,49071
431750 Santo Ângelo,71804,4471,76275
431760 Santo Antônio da Patrulha,28114,11571,39685
431770 Santo Antônio das Missões,6788,4422,11210
431755 Santo Antônio do Palma,681,1458,2139
431775 Santo Antônio do Planalto,1233,754,1987
431780 Santo Augusto,11380,2588,13968
431790 Santo Cristo,7781,6597,14378
431795 Santo Expedito do Sul,872,1589,2461
431800 São Borja,55138,6533,61671
431805 São Domingos do Sul,1748,1178,2926
431810 São Francisco de Assis,13495,5759,19254
431820 São Francisco de Paula,13004,7533,20537
431830 São Gabriel,53775,6650,60425
431840 São Jerônimo,17055,5079,22134
431842 São João da Urtiga,2291,2435,4726
431843 São João do Polêsine,1354,1281,2635
431844 São Jorge,1451,1323,2774
431845 São José das Missões,828,1892,2720
431846 São José do Herval,867,1337,2204
431848 São José do Hortêncio,2645,1449,4094
431849 São José do Inhacorá,832,1368,2200
431850 São José do Norte,17383,8120,25503
431860 São José do Ouro,4423,2481,6904
431861 São José do Sul,720,1362,2082
431862 São José dos Ausentes,2062,1228,3290
431870 São Leopoldo,213238,849,214087
431880 São Lourenço do Sul,24237,18874,43111
431890 São Luiz Gonzaga,30508,4048,34556
431900 São Marcos,17598,2505,20103
431910 São Martinho,3441,2332,5773
431912 São Martinho da Serra,942,2259,3201
431915 São Miguel das Missões,3727,3694,7421
431920 São Nicolau,3692,2035,5727
431930 São Paulo das Missões,2199,4165,6364
431935 São Pedro da Serra,1429,1886,3315
431936 São Pedro das Missões,532,1354,1886
431937 São Pedro do Butiá,1209,1664,2873
431940 São Pedro do Sul,11929,4439,16368
431950 São Sebastião do Caí,17608,4324,21932
431960 São Sepé,18821,4977,23798
431970 São Valentim,1744,1888,3632
431971 São Valentim do Sul,746,1422,2168
431973 São Valério do Sul,510,2137,2647
431975 São Vendelino,1353,591,1944
431980 São Vicente do Sul,5881,2559,8440
431990 Sapiranga,72286,2699,74985
432000 Sapucaia do Sul,130469,488,130957
432010 Sarandi,17940,3345,21285
432020 Seberi,5923,4974,10897
432023 Sede Nova,1581,1430,3011
432026 Segredo,1807,5351,7158
432030 Selbach,3450,1479,4929
432032 Senador Salgado Filho,880,1934,2814
432035 Sentinela do Sul,1282,3916,5198
432040 Serafina Corrêa,12054,2199,14253
432045 Sério,530,1751,2281
432050 Sertão,3387,2907,6294
432055 Sertão Santana,1278,4572,5850
432057 Sete de Setembro,494,1630,2124
432060 Severiano de Almeida,1399,2443,3842
432065 Silveira Martins,1091,1358,2449
432067 Sinimbu,1437,8631,10068
432070 Sobradinho,11347,2936,14283
432080 Soledade,24032,6012,30044
432085 Tabaí,1246,2885,4131
432090 Tapejara,17080,2170,19250
432100 Tapera,8820,1628,10448
432110 Tapes,14478,2151,16629
432120 Taquara,45266,9377,54643
432130 Taquari,21875,4217,26092
432132 Taquaruçu do Sul,1164,1802,2966
432135 Tavares,3299,2052,5351
432140 Tenente Portela,8847,4872,13719
432143 Terra de Areia,5195,4683,9878
432145 Teutônia,23322,3950,27272
432146 Tio Hugo,1164,1560,2724
432147 Tiradentes do Sul,2098,4363,6461
432149 Toropi,611,2341,2952
432150 Torres,33340,1316,34656
432160 Tramandaí,40577,1008,41585
432162 Travesseiro,887,1427,2314
432163 Três Arroios,1027,1828,2855
432166 Três Cachoeiras,7501,2716,10217
432170 Três Coroas,20546,3302,23848
432180 Três de Maio,18962,4764,23726
432183 Três Forquilhas,385,2529,2914
432185 Três Palmeiras,2090,2291,4381
432190 Três Passos,19054,4911,23965
432195 Trindade do Sul,2899,2888,5787
432200 Triunfo,16857,8936,25793
432210 Tucunduva,4035,1863,5898
432215 Tunas,1375,3020,4395
432218 Tupanci do Sul,473,1100,1573
432220 Tupanciretã,18020,4261,22281
432225 Tupandi,2721,1203,3924
432230 Tuparendi,5294,3263,8557
432232 Turuçu,1487,2035,3522
432234 Ubiretama,500,1796,2296
432235 União da Serra,280,1207,1487
432237 Unistalda,913,1537,2450
432240 Uruguaiana,117415,8020,125435
432250 Vacaria,57339,4003,61342
432253 Vale do Sol,1249,9828,11077
432254 Vale Real,4566,552,5118
432252 Vale Verde,882,2371,3253
432255 Vanini,1001,983,1984
432260 Venâncio Aires,41400,24546,65946
432270 Vera Cruz,13320,10663,23983
432280 Veranópolis,19843,2967,22810
432285 Vespasiano Corrêa,406,1568,1974
432290 Viadutos,2643,2668,5311
432300 Viamão,224943,14441,239384
432310 Vicente Dutra,2351,2934,5285
432320 Victor Graeff,1284,1752,3036
432330 Vila Flores,1348,1859,3207
432335 Vila Lângaro,366,1786,2152
432340 Vila Maria,2249,1972,4221
432345 Vila Nova do Sul,2194,2027,4221
432350 Vista Alegre,1185,1647,2832
432360 Vista Alegre do Prata,463,1106,1569
432370 Vista Gaúcha,965,1794,2759
432375 Vitória das Missões,669,2816,3485
432377 Westfália,1130,1663,2793
432380 Xangri-lá,12379,55,12434
500020 Água Clara,9598,4826,14424
500025 Alcinópolis,3136,1433,4569
500060 Amambai,22375,12355,34730
500070 Anastácio,19674,4161,23835
500080 Anaurilândia,4322,4171,8493
500085 Angélica,7691,1494,9185
500090 Antônio João,6828,1380,8208
500100 Aparecida do Taboado,20096,2224,22320
500110 Aquidauana,35926,9688,45614
500124 Aral Moreira,5357,4894,10251
500150 Bandeirantes,4532,2077,6609
500190 Bataguassu,15239,4600,19839
500200 Batayporã,8331,2605,10936
500210 Bela Vista,18927,4254,23181
500215 Bodoquena,5777,2208,7985
500220 Bonito,16159,3428,19587
500230 Brasilândia,8013,3813,11826
500240 Caarapó,18309,7458,25767
500260 Camapuã,9797,3828,13625
500270 Campo Grande,776242,10555,786797
500280 Caracol,3238,2160,5398
500290 Cassilândia,19008,1958,20966
500295 Chapadão do Sul,16777,2871,19648
500310 Corguinho,1872,2990,4862
500315 Coronel Sapucaia,10208,3856,14064
500320 Corumbá,93452,10251,103703
500325 Costa Rica,16848,2847,19695
500330 Coxim,29145,3014,32159
500345 Deodápolis,10047,2092,12139
500348 Dois Irmãos do Buriti,4705,5658,10363
500350 Douradina,3286,2078,5364
500370 Dourados,181005,15030,196035
500375 Eldorado,9348,2346,11694
500380 Fátima do Sul,16967,2068,19035
500390 Figueirão,1530,1398,2928
500400 Glória de Dourados,7670,2257,9927
500410 Guia Lopes da Laguna,8785,1581,10366
500430 Iguatemi,11006,3869,14875
500440 Inocência,4871,2798,7669
500450 Itaporã,13290,7575,20865
500460 Itaquiraí,7600,11014,18614
500470 Ivinhema,17274,5067,22341
500480 Japorã,1400,6331,7731
500490 Jaraguari,1786,4555,6341
500500 Jardim,22741,1605,24346
500510 Jateí,1871,2140,4011
500515 Juti,3925,1975,5900
500520 Ladário,18587,1030,19617
500525 Laguna Carapã,2737,3754,6491
500540 Maracaju,32224,5181,37405
500560 Miranda,15567,10028,25595
500568 Mundo Novo,15271,1772,17043
500570 Naviraí,42855,3569,46424
500580 Nioaque,7057,7334,14391
500600 Nova Alvorada do Sul,12286,4146,16432
500620 Nova Andradina,38786,6799,45585
500625 Novo Horizonte do Sul,2660,2280,4940
500630 Paranaíba,35754,4438,40192
500635 Paranhos,6263,6087,12350
500640 Pedro Gomes,6148,1819,7967
500660 Ponta Porã,62067,15805,77872
500690 Porto Murtinho,10059,5313,15372
500710 Ribas do Rio Pardo,12965,7981,20946
500720 Rio Brilhante,24557,6106,30663
500730 Rio Negro,3665,1371,5036
500740 Rio Verde de Mato Grosso,16297,2593,18890
500750 Rochedo,2889,2039,4928
500755 Santa Rita do Pardo,3522,3737,7259
500769 São Gabriel do Oeste,19300,2903,22203
500780 Selvíria,4772,1515,6287
500770 Sete Quedas,8974,1806,10780
500790 Sidrolândia,27783,14349,42132
500793 Sonora,13401,1432,14833
500795 Tacuru,3767,6448,10215
500797 Taquarussu,2454,1064,3518
500800 Terenos,7275,9871,17146
500830 Três Lagoas,97069,4722,101791
500840 Vicentina,4243,1658,5901
510010 Acorizal,2927,2589,5516
510020 Água Boa,16759,4097,20856
510025 Alta Floresta,42718,6446,49164
510030 Alto Araguaia,13821,1823,15644
510035 Alto Boa Vista,3178,2069,5247
510040 Alto Garças,9455,895,10350
510050 Alto Paraguai,6383,3683,10066
510060 Alto Taquari,7323,749,8072
510080 Apiacás,6377,2190,8567
510100 Araguaiana,2189,1008,3197
510120 Araguainha,944,152,1096
510125 Araputanga,12185,3157,15342
510130 Arenápolis,9750,566,10316
510140 Aripuanã,11681,6975,18656
510160 Barão de Melgaço,3422,4169,7591
510170 Barra do Bugres,25996,5797,31793
510180 Barra do Garças,50947,5613,56560
510185 Bom Jesus do Araguaia,2648,2666,5314
510190 Brasnorte,10038,5319,15357
510250 Cáceres,76568,11374,87942
510260 Campinápolis,4820,9485,14305
510263 Campo Novo do Parecis,25584,1993,27577
510267 Campo Verde,25472,6117,31589
510268 Campos de Júlio,4014,1140,5154
510269 Canabrava do Norte,2691,2095,4786
510270 Canarana,14805,3949,18754
510279 Carlinda,4575,6415,10990
510285 Castanheira,3921,4310,8231
510300 Chapada dos Guimarães,11037,6784,17821
510305 Cláudia,8442,2586,11028
510310 Cocalinho,3647,1843,5490
510320 Colíder,25014,5752,30766
510325 Colniza,14987,11394,26381
510330 Comodoro,12582,5596,18178
510335 Confresa,14229,10895,25124
510336 Conquista D'Oeste,2053,1332,3385
510337 Cotriguaçu,5132,9851,14983
510340 Cuiabá,540814,10284,551098
510343 Curvelândia,2894,1972,4866
510345 Denise,7292,1231,8523
510350 Diamantino,15895,4446,20341
510360 Dom Aquino,6558,1613,8171
510370 Feliz Natal,8123,2810,10933
510380 Figueirópolis D'Oeste,2010,1786,3796
510385 Gaúcha do Norte,2196,4097,6293
510390 General Carneiro,2358,2669,5027
510395 Glória D'Oeste,2147,988,3135
510410 Guarantã do Norte,23940,8276,32216
510420 Guiratinga,11467,2467,13934
510450 Indiavaí,1781,616,2397
510452 Ipiranga do Norte,3475,1648,5123
510454 Itanhangá,3171,2105,5276
510455 Itaúba,3714,861,4575
510460 Itiquira,4442,7036,11478
510480 Jaciara,23623,2024,25647
510490 Jangada,2946,4750,7696
510500 Jauru,6171,4284,10455
510510 Juara,26020,6771,32791
510515 Juína,33960,5295,39255
510517 Juruena,6801,4400,11201
510520 Juscimeira,8501,2929,11430
510523 Lambari D'Oeste,2895,2536,5431
510525 Lucas do Rio Verde,42455,3101,45556
510530 Luciara,2029,195,2224
510558 Marcelândia,7426,4580,12006
510560 Matupá,10927,3247,14174
510562 Mirassol d'Oeste,21470,3829,25299
510590 Nobres,12454,2548,15002
510600 Nortelândia,5269,1167,6436
510610 Nossa Senhora do Livramento,4242,7367,11609
510615 Nova Bandeirantes,4062,7581,11643
510620 Nova Brasilândia,3659,928,4587
510621 Nova Canaã do Norte,6816,5311,12127
510880 Nova Guarita,1940,2992,4932
510618 Nova Lacerda,2980,2456,5436
510885 Nova Marilândia,1957,994,2951
510890 Nova Maringá,3421,3169,6590
510895 Nova Monte Verde,3973,4120,8093
510622 Nova Mutum,25865,5784,31649
510617 Nova Nazaré,1119,1910,3029
510623 Nova Olímpia,15836,1679,17515
510619 Nova Santa Helena,1988,1480,3468
510624 Nova Ubiratã,5930,3288,9218
510625 Nova Xavantina,15746,3897,19643
510627 Novo Horizonte do Norte,1777,1972,3749
510626 Novo Mundo,2883,4449,7332
510631 Novo Santo Antônio,1346,659,2005
510628 Novo São Joaquim,3717,2325,6042
510629 Paranaíta,5652,5032,10684
510630 Paranatinga,14815,4475,19290
510637 Pedra Preta,11383,4372,15755
510642 Peixoto de Azevedo,19804,11008,30812
510645 Planalto da Serra,2054,672,2726
510650 Poconé,23062,8717,31779
510665 Pontal do Araguaia,4452,943,5395
510670 Ponte Branca,1509,259,1768
510675 Pontes e Lacerda,34662,6746,41408
510677 Porto Alegre do Norte,5179,5569,10748
510680 Porto dos Gaúchos,2764,2685,5449
510682 Porto Esperidião,4203,6828,11031
510685 Porto Estrela,1466,2183,3649
510700 Poxoréu,11923,5676,17599
510704 Primavera do Leste,49271,2795,52066
510706 Querência,5972,7061,13033
510715 Reserva do Cabaçal,1622,950,2572
510718 Ribeirão Cascalheira,5565,3316,8881
510719 Ribeirãozinho,1554,645,2199
510720 Rio Branco,4145,925,5070
510757 Rondolândia,950,2654,3604
510760 Rondonópolis,188028,7448,195476
510770 Rosário Oeste,10654,7025,17679
510775 Salto do Céu,2184,1724,3908
510724 Santa Carmem,3081,1004,4085
510774 Santa Cruz do Xingu,1251,649,1900
510776 Santa Rita do Trivelato,1367,1124,2491
510777 Santa Terezinha,2974,4423,7397
510726 Santo Afonso,1541,1450,2991
510779 Santo Antônio do Leste,2119,1635,3754
510780 Santo Antônio do Leverger,7160,11303,18463
510785 São Félix do Araguaia,6178,4447,10625
510729 São José do Povo,1734,1858,3592
510730 São José do Rio Claro,13168,3956,17124
510735 São José do Xingu,3783,1457,5240
510710 São José dos Quatro Marcos,14507,4491,18998
510740 São Pedro da Cipa,3703,455,4158
510787 Sapezal,15124,2970,18094
510788 Serra Nova Dourada,813,552,1365
510790 Sinop,93753,19346,113099
510792 Sorriso,58364,8157,66521
510794 Tabaporã,5243,4689,9932
510795 Tangará da Serra,75921,7510,83431
510800 Tapurah,6526,3866,10392
510805 Terra Nova do Norte,5079,6212,11291
510810 Tesouro,2400,1018,3418
510820 Torixoréu,3112,959,4071
510830 União do Sul,2338,1422,3760
510835 Vale de São Domingos,713,2339,3052
510840 Várzea Grande,248704,3892,252596
510850 Vera,7349,2886,10235
510550 Vila Bela da Santíssima Trindade,5166,9327,14493
510860 Vila Rica,13962,7420,21382
520005 Abadia de Goiás,5081,1795,6876
520010 Abadiânia,10778,4979,15757
520013 Acreúna,17696,2583,20279
520015 Adelândia,2207,270,2477
520017 Água Fria de Goiás,2137,2953,5090
520020 Água Limpa,1426,587,2013
520025 Águas Lindas de Goiás,159138,240,159378
520030 Alexânia,19676,4138,23814
520050 Aloândia,1769,282,2051
520055 Alto Horizonte,3863,642,4505
520060 Alto Paraíso de Goiás,5219,1666,6885
520080 Alvorada do Norte,6873,1211,8084
520082 Amaralina,1101,2333,3434
520085 Americano do Brasil,4718,790,5508
520090 Amorinópolis,2171,1438,3609
520110 Anápolis,328755,5858,334613
520120 Anhanguera,955,65,1020
520130 Anicuns,17311,2928,20239
520140 Aparecida de Goiânia,455193,464,455657
520145 Aparecida do Rio Doce,1950,477,2427
520150 Aporé,2541,1262,3803
520160 Araçu,3357,445,3802
520170 Aragarças,17617,688,18305
520180 Aragoiânia,5528,2837,8365
520215 Araguapaz,5199,2311,7510
520235 Arenópolis,1919,1358,3277
520250 Aruanã,6178,1318,7496
520260 Aurilândia,2800,850,3650
520280 Avelinópolis,1877,573,2450
520310 Baliza,1094,2620,3714
520320 Barro Alto,6251,2465,8716
520330 Bela Vista de Goiás,17955,6599,24554
520340 Bom Jardim de Goiás,6349,2074,8423
520350 Bom Jesus de Goiás,19253,1474,20727
520355 Bonfinópolis,7021,515,7536
520357 Bonópolis,1301,2202,3503
520360 Brazabrantes,2170,1062,3232
520380 Britânia,4543,966,5509
520390 Buriti Alegre,8412,642,9054
520393 Buriti de Goiás,1735,825,2560
520396 Buritinópolis,1885,1436,3321
520400 Cabeceiras,5505,1849,7354
520410 Cachoeira Alta,8382,2171,10553
520420 Cachoeira de Goiás,1171,246,1417
520425 Cachoeira Dourada,5357,2897,8254
520430 Caçu,10735,2548,13283
520440 Caiapônia,12269,4488,16757
520450 Caldas Novas,67714,2759,70473
520455 Caldazinha,1918,1407,3325
520460 Campestre de Goiás,2376,1011,3387
520465 Campinaçu,2173,1483,3656
520470 Campinorte,8995,2116,11111
520480 Campo Alegre de Goiás,4481,1579,6060
520485 Campo Limpo de Goiás,5289,952,6241
520490 Campos Belos,16206,2204,18410
520495 Campos Verdes,4476,544,5020
520500 Carmo do Rio Verde,7054,1874,8928
520505 Castelândia,3344,294,3638
520510 Catalão,81064,5583,86647
520520 Caturaí,3664,1022,4686
520530 Cavalcante,4742,4650,9392
520540 Ceres,19790,932,20722
520545 Cezarina,5595,1950,7545
520547 Chapadão do Céu,5878,1123,7001
520549 Cidade Ocidental,43654,12261,55915
520551 Cocalzinho de Goiás,6444,10963,17407
520552 Colinas do Sul,2525,998,3523
520570 Córrego do Ouro,1633,999,2632
520580 Corumbá de Goiás,6416,3945,10361
520590 Corumbaíba,6307,1874,8181
520620 Cristalina,38421,8159,46580
520630 Cristianópolis,2472,460,2932
520640 Crixás,12318,3442,15760
520650 Cromínia,2675,880,3555
520660 Cumari,2419,545,2964
520670 Damianópolis,1853,1439,3292
520680 Damolândia,2182,565,2747
520690 Davinópolis,1400,656,2056
520710 Diorama,1506,973,2479
520830 Divinópolis de Goiás,3491,1471,4962
520725 Doverlândia,4916,2976,7892
520735 Edealina,2569,1164,3733
520740 Edéia,9538,1728,11266
520750 Estrela do Norte,2931,389,3320
520753 Faina,3849,3134,6983
520760 Fazenda Nova,4078,2244,6322
520780 Firminópolis,8778,2802,11580
520790 Flores de Goiás,3170,8896,12066
520800 Formosa,92023,8062,100085
520810 Formoso,3607,1276,4883
520815 Gameleira de Goiás,1094,2181,3275
520840 Goianápolis,9691,1004,10695
520850 Goiandira,4538,727,5265
520860 Goianésia,55660,3889,59549
520870 Goiânia,1297076,4925,1302001
520880 Goianira,33451,609,34060
520890 Goiás,18638,6089,24727
520910 Goiatuba,29941,2551,32492
520915 Gouvelândia,3895,1054,4949
520920 Guapó,11333,2643,13976
520929 Guaraíta,1442,934,2376
520940 Guarani de Goiás,1763,2495,4258
520945 Guarinos,1131,1168,2299
520960 Heitoraí,2645,926,3571
520970 Hidrolândia,10470,6928,17398
520980 Hidrolina,2980,1049,4029
520990 Iaciara,9300,3127,12427
520993 Inaciolândia,4815,884,5699
520995 Indiara,11654,2033,13687
521000 Inhumas,45103,3143,48246
521010 Ipameri,21336,3399,24735
521015 Ipiranga de Goiás,1272,1572,2844
521020 Iporá,28545,2729,31274
521030 Israelândia,2249,638,2887
521040 Itaberaí,29784,5587,35371
521056 Itaguari,3968,545,4513
521060 Itaguaru,4521,916,5437
521080 Itajá,3740,1322,5062
521090 Itapaci,16675,1783,18458
521100 Itapirapuã,5536,2299,7835
521120 Itapuranga,21235,4890,26125
521130 Itarumã,4078,2222,6300
521140 Itauçu,6461,2114,8575
521150 Itumbiara,88942,3941,92883
521160 Ivolândia,1535,1128,2663
521170 Jandaia,4154,2010,6164
521180 Jaraguá,35328,6542,41870
521190 Jataí,81010,6996,88006
521200 Jaupaci,2358,642,3000
521205 Jesúpolis,1834,466,2300
521210 Joviânia,6472,646,7118
521220 Jussara,15207,3946,19153
521225 Lagoa Santa,776,478,1254
521230 Leopoldo de Bulhões,4843,3039,7882
521250 Luziânia,162807,11724,174531
521260 Mairipotaba,1570,804,2374
521270 Mambaí,4802,2069,6871
521280 Mara Rosa,7961,2688,10649
521290 Marzagão,1804,268,2072
521295 Matrinchã,2995,1419,4414
521300 Maurilândia,11120,401,11521
521305 Mimoso de Goiás,1242,1443,2685
521308 Minaçu,26554,4600,31154
521310 Mineiros,48286,4649,52935
521340 Moiporá,1133,630,1763
521350 Monte Alegre de Goiás,3164,4566,7730
521370 Montes Claros de Goiás,5325,2662,7987
521375 Montividiu,8584,1988,10572
521377 Montividiu do Norte,1347,2775,4122
521380 Morrinhos,35959,5501,41460
521385 Morro Agudo de Goiás,1649,707,2356
521390 Mossâmedes,3275,1732,5007
521400 Mozarlândia,12161,1243,13404
521405 Mundo Novo,3767,2671,6438
521410 Mutunópolis,2540,1309,3849
521440 Nazário,6187,1687,7874
521450 Nerópolis,23229,981,24210
521460 Niquelândia,33343,9018,42361
521470 Nova América,1647,612,2259
521480 Nova Aurora,1873,189,2062
521483 Nova Crixás,7728,4199,11927
521486 Nova Glória,5730,2778,8508
521487 Nova Iguaçu de Goiás,2024,802,2826
521490 Nova Roma,1426,2045,3471
521500 Nova Veneza,7026,1103,8129
521520 Novo Brasil,2274,1245,3519
521523 Novo Gama,93971,1047,95018
521525 Novo Planalto,2587,1369,3956
521530 Orizona,7975,6325,14300
521540 Ouro Verde de Goiás,2683,1351,4034
521550 Ouvidor,4810,657,5467
521560 Padre Bernardo,10786,16885,27671
521565 Palestina de Goiás,2180,1191,3371
521570 Palmeiras de Goiás,19166,4172,23338
521580 Palmelo,2216,119,2335
521590 Palminópolis,2699,858,3557
521600 Panamá,2035,647,2682
521630 Paranaiguara,8388,712,9100
521640 Paraúna,7987,2876,10863
521645 Perolândia,1859,1091,2950
521680 Petrolina de Goiás,6683,3600,10283
521690 Pilar de Goiás,1201,1572,2773
521710 Piracanjuba,17551,6475,24026
521720 Piranhas,9071,2195,11266
521730 Pirenópolis,15563,7443,23006
521740 Pires do Rio,27094,1668,28762
521760 Planaltina,77582,4067,81649
521770 Pontalina,13897,3224,17121
521800 Porangatu,35731,6624,42355
521805 Porteirão,2929,418,3347
521810 Portelândia,3110,729,3839
521830 Posse,23939,7480,31419
521839 Professor Jamil,2261,978,3239
521850 Quirinópolis,38163,5057,43220
521860 Rialma,9798,725,10523
521870 Rianápolis,4081,485,4566
521878 Rio Quente,2839,473,3312
521880 Rio Verde,163540,12884,176424
521890 Rubiataba,16184,2731,18915
521900 Sanclerlândia,6068,1482,7550
521910 Santa Bárbara de Goiás,5206,545,5751
521920 Santa Cruz de Goiás,981,2161,3142
521925 Santa Fé de Goiás,3811,951,4762
521930 Santa Helena de Goiás,34815,1654,36469
521935 Santa Isabel,1367,2319,3686
521940 Santa Rita do Araguaia,6159,765,6924
521945 Santa Rita do Novo Destino,1113,2060,3173
521950 Santa Rosa de Goiás,2177,732,2909
521960 Santa Tereza de Goiás,3355,640,3995
521970 Santa Terezinha de Goiás,7768,2534,10302
521971 Santo Antônio da Barra,3372,1051,4423
521973 Santo Antônio de Goiás,4271,432,4703
521975 Santo Antônio do Descoberto,56808,6440,63248
521980 São Domingos,5774,5498,11272
521990 São Francisco de Goiás,4464,1656,6120
522000 São João d'Aliança,6724,3533,10257
522005 São João da Paraúna,1277,412,1689
522010 São Luís de Montes Belos,26585,3449,30034
522015 São Luiz do Norte,3908,709,4617
522020 São Miguel do Araguaia,17661,4622,22283
522026 São Miguel do Passa Quatro,2074,1683,3757
522028 São Patrício,1171,820,1991
522040 São Simão,16309,779,17088
522045 Senador Canedo,84111,332,84443
522050 Serranópolis,5534,1947,7481
522060 Silvânia,12669,6420,19089
522068 Simolândia,5378,1136,6514
522070 Sítio d'Abadia,994,1831,2825
522100 Taquaral de Goiás,2881,660,3541
522108 Teresina de Goiás,2134,882,3016
522119 Terezópolis de Goiás,5677,884,6561
522130 Três Ranchos,2488,331,2819
522140 Trindade,100106,4382,104488
522145 Trombas,2194,1258,3452
522150 Turvânia,3891,948,4839
522155 Turvelândia,3138,1261,4399
522157 Uirapuru,1464,1469,2933
522160 Uruaçu,33796,3133,36929
522170 Uruana,11232,2594,13826
522180 Urutaí,2162,912,3074
522185 Valparaíso de Goiás,132982,-,132982
522190 Varjão,2243,1416,3659
522200 Vianópolis,9170,3378,12548
522205 Vicentinópolis,6321,1050,7371
522220 Vila Boa,3502,1233,4735
522230 Vila Propício,1504,3641,5145
530010 Brasília,2482210,87950,2570160
