Municipality,Urbana,Rural,Total
110001 Alta Floresta D'Oeste,12341,14192,26533
110037 Alto Alegre dos Parecis,2449,10259,12708
110040 Alto Paraíso,4036,9082,13118
110034 Alvorada D'Oeste,8546,11286,19832
110002 Ariquemes,55118,19385,74503
110045 Buritis,15334,10334,25668
110003 Cabixi,2672,4846,7518
110060 Cacaulândia,1850,3522,5372
110004 Cacoal,51398,22170,73568
110070 Campo Novo de Rondônia,3000,8463,11463
110080 Candeias do Jamari,9354,3753,13107
110090 Castanheiras,774,3438,4212
110005 Cerejeiras,14846,3361,18207
110092 Chupinguaia,1954,3567,5521
110006 Colorado do Oeste,14576,7316,21892
110007 Corumbiara,2073,8386,10459
110008 Costa Marques,6758,3450,10208
110094 Cujubim,3196,3340,6536
110009 Espigão D'Oeste,14262,11426,25688
110100 Governador Jorge Teixeira,1558,12083,13641
110010 Guajará-Mirim,33035,5010,38045
110110 Itapuã do Oeste,3677,3145,6822
110011 Jaru,29577,24023,53600
110012 Ji-Paraná,91013,15787,106800
110013 Machadinho D'Oeste,10981,11758,22739
110120 Ministro Andreazza,2160,9182,11342
110130 Mirante da Serra,5733,7421,13154
110140 Monte Negro,5722,6905,12627
110014 Nova Brasilândia D'Oeste,6424,10643,17067
110033 Nova Mamoré,7247,7531,14778
110143 Nova União,1329,6904,8233
110050 Novo Horizonte do Oeste,1344,10932,12276
110015 Ouro Preto do Oeste,26541,14343,40884
110145 Parecis,1134,2488,3622
110018 Pimenta Bueno,26423,5329,31752
110146 Pimenteiras do Oeste,1398,1129,2527
110020 Porto Velho,273709,60952,334661
110025 Presidente Médici,12174,14191,26365
110147 Primavera de Rondônia,1159,3152,4311
110026 Rio Crespo,867,2070,2937
110028 Rolim de Moura,34421,12961,47382
110029 Santa Luzia D'Oeste,4887,6716,11603
110148 São Felipe D'Oeste,1031,6025,7056
110149 São Francisco do Guaporé,5226,5859,11085
110032 São Miguel do Guaporé,6476,17398,23874
110150 Seringueiras,3792,7863,11655
110155 Teixeirópolis,1154,4464,5618
110160 Theobroma,1515,9625,11140
110170 Urupá,4002,10878,14880
110175 Vale do Anari,1836,5901,7737
110180 Vale do Paraíso,1840,8023,9863
110030 Vilhena,50601,2997,53598
120001 Acrelândia,3506,4429,7935
120005 Assis Brasil,2151,1339,3490
120010 Brasiléia,9026,7987,17013
120013 Bujari,1628,4198,5826
120017 Capixaba,1521,3685,5206
120020 Cruzeiro do Sul,38971,28470,67441
120025 Epitaciolândia,7404,3624,11028
120030 Feijó,11240,15482,26722
120032 Jordão,863,3591,4454
120033 Mâncio Lima,5794,5301,11095
120034 Manoel Urbano,3281,3093,6374
120035 Marechal Thaumaturgo,985,7310,8295
120038 Plácido de Castro,6979,8193,15172
120080 Porto Acre,1293,10125,11418
120039 Porto Walter,1441,4044,5485
120040 Rio Branco,226298,26761,253059
120042 Rodrigues Alves,2632,5461,8093
120043 Santa Rosa do Purus,518,1728,2246
120050 Sena Madureira,16155,13265,29420
120045 Senador Guiomard,8640,11121,19761
120060 Tarauacá,13946,12091,26037
120070 Xapuri,5995,5961,11956
130002 Alvarães,5314,6836,12150
130006 Amaturá,3930,3378,7308
130008 Anamã,2064,4499,6563
130010 Anori,7229,4091,11320
130014 Apuí,6126,7738,13864
130020 Atalaia do Norte,4175,5874,10049
130030 Autazes,10150,14195,24345
130040 Barcelos,7954,16243,24197
130050 Barreirinha,9248,13331,22579
130060 Benjamin Constant,14171,9048,23219
130063 Beruri,4959,6079,11038
130068 Boa Vista do Ramos,5017,5465,10482
130070 Boca do Acre,14614,12345,26959
130080 Borba,11246,17373,28619
130083 Caapiranga,3115,5688,8803
130090 Canutama,5439,5298,10737
130100 Carauari,16876,6545,23421
130110 Careiro,5877,21677,27554
130115 Careiro da Várzea,806,16461,17267
130120 Coari,39504,27592,67096
130130 Codajás,11289,6218,17507
130140 Eirunepé,16781,9293,26074
130150 Envira,6745,12315,19060
130160 Fonte Boa,11633,19876,31509
130165 Guajará,6220,7000,13220
130170 Humaitá,23991,8805,32796
130180 Ipixuna,5765,8994,14759
130185 Iranduba,9940,22363,32303
130190 Itacoatiara,46465,25640,72105
130195 Itamarati,3103,5303,8406
130200 Itapiranga,5295,2014,7309
130210 Japurá,2283,8002,10285
130220 Juruá,3052,3532,6584
130230 Jutaí,7725,14775,22500
130240 Lábrea,19276,9680,28956
130250 Manacapuru,47662,26033,73695
130255 Manaquiri,4165,8546,12711
130260 Manaus,1396768,9067,1405835
130270 Manicoré,15339,22699,38038
130280 Maraã,4521,12558,17079
130290 Maués,21179,18857,40036
130300 Nhamundá,6308,9047,15355
130310 Nova Olinda do Norte,10262,13463,23725
130320 Novo Airão,6984,2667,9651
130330 Novo Aripuanã,9054,8065,17119
130340 Parintins,58125,32025,90150
130350 Pauini,6970,10122,17092
130353 Presidente Figueiredo,8407,8987,17394
130356 Rio Preto da Eva,6232,11350,17582
130360 Santa Isabel do Rio Negro,4220,6341,10561
130370 Santo Antônio do Içá,7906,20307,28213
130380 São Gabriel da Cachoeira,12373,17574,29947
130390 São Paulo de Olivença,8770,14343,23113
130395 São Sebastião do Uatumã,4717,2443,7160
130400 Silves,3363,4422,7785
130406 Tabatinga,26637,11282,37919
130410 Tapauá,9414,11181,20595
130420 Tefé,47698,16759,64457
130423 Tonantins,4362,11150,15512
130426 Uarini,3552,6702,10254
130430 Urucará,8098,10274,18372
130440 Urucurituba,6759,5505,12264
140005 Alto Alegre,5195,12712,17907
140002 Amajari,799,4495,5294
140010 Boa Vista,197098,3470,200568
140015 Bonfim,3000,6326,9326
140017 Cantá,1155,7416,8571
140020 Caracaraí,8236,6050,14286
140023 Caroebe,1977,3715,5692
140028 Iracema,3228,1553,4781
140030 Mucajaí,7029,4218,11247
140040 Normandia,1500,4638,6138
140045 Pacaraima,2760,4230,6990
140047 Rorainópolis,7185,10208,17393
140050 São João da Baliza,3882,1209,5091
140060 São Luiz,3447,1864,5311
140070 Uiramutã,525,5277,5802
150010 Abaetetuba,70843,48309,119152
150013 Abel Figueiredo,4897,1060,5957
150020 Acará,9745,42381,52126
150030 Afuá,6782,22723,29505
150034 Água Azul do Norte,2827,19257,22084
150040 Alenquer,25160,16624,41784
150050 Almeirim,18916,15041,33957
150060 Altamira,62285,15154,77439
150070 Anajás,4613,13709,18322
150080 Ananindeua,392627,942,393569
150085 Anapu,3083,6324,9407
150090 Augusto Corrêa,13356,19655,33011
150095 Aurora do Pará,5022,14706,19728
150100 Aveiro,2980,12538,15518
150110 Bagre,4395,9313,13708
150120 Baião,10865,10254,21119
150125 Bannach,1189,2591,3780
150130 Barcarena,27767,35501,63268
150140 Belém,1272354,8260,1280614
150145 Belterra,5126,9468,14594
150150 Benevides,20912,14634,35546
150157 Bom Jesus do Tocantins,6180,6926,13106
150160 Bonito,2582,7232,9814
150170 Bragança,56572,37207,93779
150172 Brasil Novo,4371,12822,17193
150175 Brejo Grande do Araguaia,4255,3209,7464
150178 Breu Branco,15952,16494,32446
150180 Breves,40285,39873,80158
150190 Bujaru,6883,14149,21032
150200 Cachoeira do Arari,5832,9951,15783
150195 Cachoeira do Piriá,2393,13044,15437
150210 Cametá,40417,57207,97624
150215 Canaã dos Carajás,3924,6998,10922
150220 Capanema,46329,10790,57119
150230 Capitão Poço,21121,28648,49769
150240 Castanhal,121249,13247,134496
150250 Chaves,1233,16117,17350
150260 Colares,3238,7394,10632
150270 Conceição do Araguaia,29370,14016,43386
150275 Concórdia do Pará,10848,10108,20956
150276 Cumaru do Norte,1374,4604,5978
150277 Curionópolis,13250,6236,19486
150280 Curralinho,5400,14616,20016
150285 Curuá,2933,6291,9224
150290 Curuçá,9943,16217,26160
150293 Dom Eliseu,23801,15728,39529
150295 Eldorado do Carajás,14112,15496,29608
150300 Faro,4918,5119,10037
150304 Floresta do Araguaia,4874,9410,14284
150307 Garrafão do Norte,7018,17203,24221
150309 Goianésia do Pará,14878,7807,22685
150310 Gurupá,6593,16505,23098
150320 Igarapé-Açu,19489,12911,32400
150330 Igarapé-Miri,24983,27621,52604
150340 Inhangapi,2036,5645,7681
150345 Ipixuna do Pará,4991,20147,25138
150350 Irituia,5826,24692,30518
150360 Itaituba,64486,30264,94750
150370 Itupiranga,14754,34901,49655
150375 Jacareacanga,5670,18354,24024
150380 Jacundá,34518,6028,40546
150390 Juruti,10780,20418,31198
150400 Limoeiro do Ajuru,3770,15794,19564
150405 Mãe do Rio,18738,6613,25351
150410 Magalhães Barata,3978,3715,7693
150420 Marabá,134373,33647,168020
150430 Maracanã,11712,15859,27571
150440 Marapanim,9490,15228,24718
150442 Marituba,64884,9545,74429
150445 Medicilândia,6759,14620,21379
150450 Melgaço,3180,17884,21064
150460 Mocajuba,14561,5981,20542
150470 Moju,17626,35315,52941
150480 Monte Alegre,20921,40413,61334
150490 Muaná,7637,17830,25467
150495 Nova Esperança do Piriá,5255,13638,18893
150497 Nova Ipixuna,5207,6659,11866
150500 Nova Timboteua,4985,6421,11406
150503 Novo Progresso,9628,15320,24948
150506 Novo Repartimento,15524,26293,41817
150510 Óbidos,22978,23512,46490
150520 Oeiras do Pará,7980,15275,23255
150530 Oriximiná,29181,19151,48332
150540 Ourém,6516,7881,14397
150543 Ourilândia do Norte,9689,9782,19471
150548 Pacajá,7604,21284,28888
150549 Palestina do Pará,3840,3704,7544
150550 Paragominas,58240,18210,76450
150553 Parauapebas,59260,12308,71568
150555 Pau D'Arco,3212,3912,7124
150560 Peixe-Boi,3901,3859,7760
150563 Piçarra,2755,9916,12671
150565 Placas,3534,9860,13394
150570 Ponta de Pedras,8641,10053,18694
150580 Portel,17325,20718,38043
150590 Porto de Moz,10230,13315,23545
150600 Prainha,7149,20152,27301
150610 Primavera,6369,3349,9718
150611 Quatipuru,4339,6566,10905
150613 Redenção,59613,3638,63251
150616 Rio Maria,12840,4658,17498
150618 Rondon do Pará,30061,9809,39870
150619 Rurópolis,8419,16241,24660
150620 Salinópolis,30417,3032,33449
150630 Salvaterra,8651,6467,15118
150635 Santa Bárbara do Pará,4009,7369,11378
150640 Santa Cruz do Arari,2245,3010,5255
150650 Santa Izabel do Pará,33078,10149,43227
150655 Santa Luzia do Pará,8442,10958,19400
150658 Santa Maria das Barreiras,1457,9498,10955
150660 Santa Maria do Pará,11709,9141,20850
150670 Santana do Araguaia,17326,13892,31218
150680 Santarém,186297,76241,262538
150690 Santarém Novo,1488,3946,5434
150700 Santo Antônio do Tauá,10388,9447,19835
150710 São Caetano de Odivelas,6550,9045,15595
150715 São Domingos do Araguaia,10878,9127,20005
150720 São Domingos do Capim,5877,21528,27405
150730 São Félix do Xingu,12530,22091,34621
150740 São Francisco do Pará,4907,9338,14245
150745 São Geraldo do Araguaia,11933,15713,27646
150746 São João da Ponta,1051,2984,4035
150747 São João de Pirabas,9832,7652,17484
150750 São João do Araguaia,2413,9834,12247
150760 São Miguel do Guamá,24457,16909,41366
150770 São Sebastião da Boa Vista,7180,10484,17664
150775 Sapucaia,2682,1114,3796
150780 Senador José Porfírio,5331,10390,15721
150790 Soure,17303,2655,19958
150795 Tailândia,28128,10307,38435
150796 Terra Alta,3692,4569,8261
150797 Terra Santa,10965,3627,14592
150800 Tomé-Açu,27314,19959,47273
150803 Tracuateua,4677,18066,22743
150805 Trairão,3008,11034,14042
150808 Tucumã,16496,8813,25309
150810 Tucuruí,60918,12880,73798
150812 Ulianópolis,11909,7345,19254
150815 Uruará,13166,32035,45201
150820 Vigia,28006,12170,40176
150830 Viseu,16478,34612,51090
150835 Vitória do Xingu,3932,7210,11142
150840 Xinguara,26264,8956,35220
160010 Amapá,5922,1199,7121
160020 Calçoene,5271,1459,6730
160021 Cutias,1442,1838,3280
160023 Ferreira Gomes,2523,1039,3562
160025 Itaubal,1156,1738,2894
160027 Laranjal do Jari,26792,1723,28515
160030 Macapá,270628,12680,283308
160040 Mazagão,5972,6014,11986
160050 Oiapoque,7842,5044,12886
160015 Pedra Branca do Amapari,1364,2645,4009
160053 Porto Grande,7374,3668,11042
160055 Pracuúba,969,1317,2286
160060 Santana,75849,4590,80439
160005 Serra do Navio,1216,2077,3293
160070 Tartarugalzinho,3483,3638,7121
160080 Vitória do Jari,6880,1680,8560
170025 Abreulândia,1073,1116,2189
170030 Aguiarnópolis,2304,841,3145
170035 Aliança do Tocantins,5120,1057,6177
170040 Almas,5577,2897,8474
170070 Alvorada,7842,666,8508
170100 Ananás,8396,2116,10512
170105 Angico,1639,1250,2889
170110 Aparecida do Rio Negro,2589,928,3517
170130 Aragominas,2383,3797,6180
170190 Araguacema,3032,2382,5414
170200 Araguaçu,6257,3089,9346
170210 Araguaína,105874,7269,113143
170215 Araguanã,2609,1584,4193
170220 Araguatins,15788,10222,26010
170230 Arapoema,5503,1522,7025
170240 Arraias,6136,4848,10984
170255 Augustinópolis,10227,2737,12964
170270 Aurora do Tocantins,1960,1141,3101
170290 Axixá do Tocantins,7560,1267,8827
170300 Babaçulândia,4235,6094,10329
170305 Bandeirantes do Tocantins,1203,1405,2608
170307 Barra do Ouro,1398,2181,3579
170310 Barrolândia,4188,894,5082
170320 Bernardo Sayão,1994,2557,4551
170330 Bom Jesus do Tocantins,1130,1193,2323
170360 Brasilândia do Tocantins,1212,711,1923
170370 Brejinho de Nazaré,3827,1050,4877
170380 Buriti do Tocantins,6116,1726,7842
170382 Cachoeirinha,1765,258,2023
170384 Campos Lindos,2209,3429,5638
170386 Cariri do Tocantins,1942,1048,2990
170388 Carmolândia,1550,458,2008
170389 Carrasco Bonito,1573,1645,3218
170390 Caseara,2650,1010,3660
170410 Centenário,761,1402,2163
170510 Chapada da Natividade,1241,2033,3274
170460 Chapada de Areia,549,721,1270
170550 Colinas do Tocantins,24114,1187,25301
171670 Colméia,6358,2994,9352
170555 Combinado,3740,784,4524
170560 Conceição do Tocantins,2335,2042,4377
170600 Couto Magalhães,1835,2500,4335
170610 Cristalândia,6713,605,7318
170625 Crixás do Tocantins,776,608,1384
170650 Darcinópolis,2372,1901,4273
170700 Dianópolis,12447,2981,15428
170710 Divinópolis do Tocantins,3987,1789,5776
170720 Dois Irmãos do Tocantins,2388,4881,7269
170730 Dueré,2964,1601,4565
170740 Esperantina,3552,4071,7623
170755 Fátima,3295,553,3848
170765 Figueirópolis,4318,1244,5562
170770 Filadélfia,4043,4175,8218
170820 Formoso do Araguaia,13258,5559,18817
170825 Fortaleza do Tabocão,1606,636,2242
170830 Goianorte,2257,2582,4839
170900 Goiatins,4241,6795,11036
170930 Guaraí,17587,2431,20018
170950 Gurupi,63486,1548,65034
170980 Ipueiras,586,580,1166
171050 Itacajá,3627,3188,6815
171070 Itaguatins,3270,3116,6386
171090 Itapiratins,1162,2115,3277
171110 Itaporã do Tocantins,1552,970,2522
171150 Jaú do Tocantins,997,2124,3121
171180 Juarina,1142,1191,2333
171190 Lagoa da Confusão,3396,2772,6168
171195 Lagoa do Tocantins,1631,899,2530
171200 Lajeado,1583,761,2344
171215 Lavandeira,629,580,1209
171240 Lizarda,1448,2339,3787
171245 Luzinópolis,1327,694,2021
171250 Marianópolis do Tocantins,1968,1364,3332
171270 Mateiros,640,1006,1646
171280 Maurilândia do Tocantins,1579,1275,2854
171320 Miracema do Tocantins,20435,4009,24444
171330 Miranorte,10702,1100,11802
171360 Monte do Carmo,2326,2867,5193
171370 Monte Santo do Tocantins,381,1488,1869
171395 Muricilândia,1725,955,2680
171420 Natividade,6399,2468,8867
171430 Nazaré,2003,3147,5150
171488 Nova Olinda,6128,3257,9385
171500 Nova Rosalândia,2435,755,3190
171510 Novo Acordo,1968,1089,3057
171515 Novo Alegre,1806,468,2274
171525 Novo Jardim,1373,778,2151
171550 Oliveira de Fátima,698,260,958
172100 Palmas,134179,3176,137355
171570 Palmeirante,1302,2308,3610
171380 Palmeiras do Tocantins,2497,2125,4622
171575 Palmeirópolis,5546,1522,7068
171610 Paraíso do Tocantins,34379,1751,36130
171620 Paranã,2833,7583,10416
171630 Pau D'Arco,2757,1578,4335
171650 Pedro Afonso,7328,1700,9028
171660 Peixe,3672,5091,8763
171665 Pequizeiro,2293,2298,4591
171700 Pindorama do Tocantins,2324,2361,4685
171720 Piraquê,1179,1181,2360
171750 Pium,3194,2346,5540
171780 Ponte Alta do Bom Jesus,2464,2110,4574
171790 Ponte Alta do Tocantins,3276,2896,6172
171800 Porto Alegre do Tocantins,1378,1015,2393
171820 Porto Nacional,38766,6225,44991
171830 Praia Norte,3475,3306,6781
171840 Presidente Kennedy,3119,640,3759
171845 Pugmil,1566,423,1989
171850 Recursolândia,1256,1882,3138
171855 Riachinho,1567,2103,3670
171865 Rio da Conceição,998,191,1189
171870 Rio dos Bois,1150,1119,2269
171875 Rio Sono,1871,4218,6089
171880 Sampaio,2289,512,2801
171884 Sandolândia,1415,1917,3332
171886 Santa Fé do Araguaia,3368,2139,5507
171888 Santa Maria do Tocantins,1034,1192,2226
171889 Santa Rita do Tocantins,729,1123,1852
171890 Santa Rosa do Tocantins,2322,1994,4316
171900 Santa Tereza do Tocantins,1340,774,2114
172000 Santa Terezinha do Tocantins,1387,1068,2455
172010 São Bento do Tocantins,1952,1786,3738
172015 São Félix do Tocantins,531,738,1269
172020 São Miguel do Tocantins,1910,6576,8486
172025 São Salvador do Tocantins,1084,1656,2740
172030 São Sebastião do Tocantins,2811,858,3669
172049 São Valério,2238,2816,5054
172065 Silvanópolis,3349,1376,4725
172080 Sítio Novo do Tocantins,4756,4732,9488
172085 Sucupira,864,612,1476
172090 Taguatinga,8160,5009,13169
172093 Taipas do Tocantins,1103,610,1713
172097 Talismã,980,1326,2306
172110 Tocantínia,2980,2808,5788
172120 Tocantinópolis,18878,3899,22777
172125 Tupirama,433,746,1179
172130 Tupiratins,729,636,1365
172208 Wanderlândia,5273,5000,10273
172210 Xambioá,9677,2460,12137
210005 Açailândia,64164,24156,88320
210010 Afonso Cunha,2255,2425,4680
210015 Água Doce do Maranhão,2747,6956,9703
210020 Alcântara,5665,15626,21291
210030 Aldeias Altas,7375,11452,18827
210040 Altamira do Maranhão,2894,5971,8865
210043 Alto Alegre do Maranhão,12997,7165,20162
210047 Alto Alegre do Pindaré,7909,22268,30177
210050 Alto Parnaíba,6038,4136,10174
210055 Amapá do Maranhão,3979,1452,5431
210060 Amarante do Maranhão,10818,20474,31292
210070 Anajatuba,5992,16986,22978
210080 Anapurus,4601,5679,10280
210083 Apicum-Açu,5553,5546,11099
210087 Araguanã,3899,5224,9123
210090 Araioses,9134,25772,34906
210095 Arame,11461,18382,29843
210100 Arari,15453,10913,26366
210110 Axixá,1202,8940,10142
210120 Bacabal,71408,20415,91823
210125 Bacabeira,1892,8624,10516
210130 Bacuri,7649,7882,15531
210135 Bacurituba,1139,3532,4671
210140 Balsas,50144,10019,60163
210150 Barão de Grajaú,7887,7462,15349
210160 Barra do Corda,43412,34735,78147
210170 Barreirinhas,13209,26460,39669
210177 Bela Vista do Maranhão,3464,6436,9900
210173 Belágua,1829,3424,5253
210180 Benedito Leite,2232,3056,5288
210190 Bequimão,5148,14552,19700
210193 Bernardo do Mearim,1546,3693,5239
210197 Boa Vista do Gurupi,4204,924,5128
210200 Bom Jardim,12126,22348,34474
210203 Bom Jesus das Selvas,7967,8578,16545
210207 Bom Lugar,1929,9605,11534
210210 Brejo,10656,16857,27513
210215 Brejo de Areia,2064,8354,10418
210220 Buriti,7195,16931,24126
210230 Buriti Bravo,14886,6560,21446
210232 Buriticupu,26017,25042,51059
210235 Buritirana,3784,10038,13822
210237 Cachoeira Grande,2852,4531,7383
210240 Cajapió,2853,6769,9622
210250 Cajari,3753,9652,13405
210255 Campestre do Maranhão,8591,2930,11521
210260 Cândido Mendes,9156,7410,16566
210270 Cantanhede,8526,9187,17713
210275 Capinzal do Norte,4024,6519,10543
210280 Carolina,14362,9629,23991
210290 Carutapera,13121,5503,18624
210300 Caxias,103485,36271,139756
210310 Cedral,1976,7817,9793
210312 Central do Maranhão,3308,3878,7186
210315 Centro do Guilherme,3401,2751,6152
210317 Centro Novo do Maranhão,3127,11427,14554
210320 Chapadinha,37231,24091,61322
210325 Cidelândia,4623,7193,11816
210330 Codó,75093,36053,111146
210340 Coelho Neto,34747,7467,42214
210350 Colinas,20821,14982,35803
210355 Conceição do Lago-Açu,5252,5522,10774
210360 Coroatá,33419,22257,55676
210370 Cururupu,21468,12279,33747
210375 Davinópolis,10231,2044,12275
210380 Dom Pedro,14037,7919,21956
210390 Duque Bacelar,4173,5240,9413
210400 Esperantinópolis,9823,11401,21224
210405 Estreito,15846,7084,22930
210407 Feira Nova do Maranhão,1030,6513,7543
210408 Fernando Falcão,731,4092,4823
210409 Formosa da Serra Negra,2189,11592,13781
210410 Fortaleza dos Nogueiras,5925,5376,11301
210420 Fortuna,9128,5468,14596
210430 Godofredo Viana,4341,2653,6994
210440 Gonçalves Dias,7527,9263,16790
210450 Governador Archer,5858,3242,9100
210455 Governador Edison Lobão,3867,7024,10891
210460 Governador Eugênio Barros,4245,10384,14629
210462 Governador Luiz Rocha,4333,2180,6513
210465 Governador Newton Bello,2678,9126,11804
210467 Governador Nunes Freire,14102,11819,25921
210470 Graça Aranha,2998,3082,6080
210480 Grajaú,26511,20644,47155
210490 Guimarães,5259,7382,12641
210500 Humberto de Campos,6240,15026,21266
210510 Icatu,6272,15217,21489
210515 Igarapé do Meio,3912,5930,9842
210520 Igarapé Grande,6044,3715,9759
210530 Imperatriz,218673,11893,230566
210535 Itaipava do Grajaú,1125,12216,13341
210540 Itapecuru Mirim,27661,15111,42772
210542 Itinga do Maranhão,17401,5727,23128
210545 Jatobá,2061,2994,5055
210547 Jenipapo dos Vieiras,2177,7942,10119
210550 João Lisboa,15307,9291,24598
210560 Joselândia,4417,10192,14609
210565 Junco do Maranhão,2595,2938,5533
210570 Lago da Pedra,24048,16357,40405
210580 Lago do Junco,2840,6993,9833
210594 Lago dos Rodrigues,4480,3963,8443
210590 Lago Verde,4713,8325,13038
210592 Lagoa do Mato,2695,6751,9446
210596 Lagoa Grande do Maranhão,2862,5607,8469
210598 Lajeado Novo,1978,3739,5717
210600 Lima Campos,6128,4621,10749
210610 Loreto,4840,5184,10024
210620 Luís Domingues,4693,1031,5724
210630 Magalhães de Almeida,6279,6742,13021
210632 Maracaçumé,12691,2175,14866
210635 Marajá do Sena,725,6436,7161
210637 Maranhãozinho,5114,3331,8445
210640 Mata Roma,5235,6564,11799
210650 Matinha,6905,12326,19231
210660 Matões,9479,16954,26433
210663 Matões do Norte,2174,5261,7435
210667 Milagres do Maranhão,1399,3750,5149
210670 Mirador,6992,12914,19906
210675 Miranda do Norte,13611,2512,16123
210680 Mirinzal,7812,5193,13005
210690 Monção,9002,17041,26043
210700 Montes Altos,4825,5522,10347
210710 Morros,4946,9648,14594
210720 Nina Rodrigues,3363,4926,8289
210725 Nova Colinas,1637,2267,3904
210730 Nova Iorque,2597,1946,4543
210735 Nova Olinda do Maranhão,9398,6262,15660
210740 Olho d'Água das Cunhãs,8441,5936,14377
210745 Olinda Nova do Maranhão,3415,6713,10128
210750 Paço do Lumiar,1188,75000,76188
210760 Palmeirândia,3208,14056,17264
210770 Paraibano,12827,5027,17854
210780 Parnarama,11007,21462,32469
210790 Passagem Franca,7012,7805,14817
210800 Pastos Bons,9160,6300,15460
210805 Paulino Neves,3413,8113,11526
210810 Paulo Ramos,8627,10663,19290
210820 Pedreiras,31732,8096,39828
210825 Pedro do Rosário,2937,15017,17954
210830 Penalva,12624,17675,30299
210840 Peri Mirim,3153,9918,13071
210845 Peritoró,6527,10809,17336
210850 Pindaré-Mirim,20941,6576,27517
210860 Pinheiro,38186,29844,68030
210870 Pio XII,12944,15469,28413
210880 Pirapemas,8546,6578,15124
210890 Poção de Pedras,9864,12514,22378
210900 Porto Franco,12618,4222,16840
210905 Porto Rico do Maranhão,2542,3838,6380
210910 Presidente Dutra,27505,12036,39541
210920 Presidente Juscelino,2715,7978,10693
210923 Presidente Médici,3377,1739,5116
210927 Presidente Sarney,3242,10476,13718
210930 Presidente Vargas,3744,6739,10483
210940 Primeira Cruz,3759,7260,11019
210945 Raposa,11370,5718,17088
210950 Riachão,9676,11307,20983
210955 Ribamar Fiquene,2744,3744,6488
210960 Rosário,21765,11900,33665
210970 Sambaíba,2295,2966,5261
210975 Santa Filomena do Maranhão,1623,3044,4667
210980 Santa Helena,15105,15755,30860
210990 Santa Inês,63030,5291,68321
211000 Santa Luzia,21264,48007,69271
211003 Santa Luzia do Paruá,10676,9382,20058
211010 Santa Quitéria do Maranhão,11499,16651,28150
211020 Santa Rita,9666,15256,24922
211023 Santana do Maranhão,1340,9604,10944
211027 Santo Amaro do Maranhão,2775,6837,9612
211030 Santo Antônio dos Lopes,5337,8916,14253
211040 São Benedito do Rio Preto,9173,7269,16442
211050 São Bento,16760,15059,31819
211060 São Bernardo,8764,13956,22720
211065 São Domingos do Azeitão,4079,2210,6289
211070 São Domingos do Maranhão,15980,17069,33049
211080 São Félix de Balsas,1283,3861,5144
211085 São Francisco do Brejão,3833,3229,7062
211090 São Francisco do Maranhão,3205,9649,12854
211100 São João Batista,3549,15368,18917
211102 São João do Carú,3155,10340,13495
211105 São João do Paraíso,3829,6536,10365
211107 São João do Soter,4442,10392,14834
211110 São João dos Patos,18817,4365,23182
211120 São José de Ribamar,27245,80139,107384
211125 São José dos Basílios,2713,4719,7432
211130 São Luís,837584,32444,870028
211140 São Luís Gonzaga do Maranhão,7722,15050,22772
211150 São Mateus do Maranhão,25970,8889,34859
211153 São Pedro da Água Branca,9459,1468,10927
211157 São Pedro dos Crentes,1692,2332,4024
211160 São Raimundo das Mangabeiras,9720,5150,14870
211163 São Raimundo do Doca Bezerra,1486,5185,6671
211167 São Roberto,2463,1937,4400
211170 São Vicente Ferrer,3977,14429,18406
211172 Satubinha,2263,8552,10815
211174 Senador Alexandre Costa,4944,3627,8571
211176 Senador La Rocque,7965,8277,16242
211178 Serrano do Maranhão,2918,6202,9120
211180 Sítio Novo,4249,10865,15114
211190 Sucupira do Norte,3832,6546,10378
211195 Sucupira do Riachão,2133,2154,4287
211200 Tasso Fragoso,3034,3359,6393
211210 Timbiras,13954,12447,26401
211220 Timon,113066,16626,129692
211223 Trizidela do Vale,14329,2073,16402
211227 Tufilândia,2049,3478,5527
211230 Tuntum,16424,18987,35411
211240 Turiaçu,8489,22800,31289
211245 Turilândia,6929,10302,17231
211250 Tutóia,11589,26139,37728
211260 Urbano Santos,10906,6697,17603
211270 Vargem Grande,17116,17591,34707
211280 Viana,22996,21194,44190
211285 Vila Nova dos Martírios,3108,3597,6705
211290 Vitória do Mearim,13492,16461,29953
211300 Vitorino Freire,13594,13868,27462
211400 Zé Doca,29082,17052,46134
220005 Acauã,675,4472,5147
220010 Agricolândia,3942,1398,5340
220020 Água Branca,13075,1442,14517
220025 Alagoinha do Piauí,1948,4920,6868
220027 Alegrete do Piauí,2662,2051,4713
220030 Alto Longá,5604,6396,12000
220040 Altos,26199,12923,39122
220045 Alvorada do Gurguéia,1479,2732,4211
220050 Amarante,8916,7968,16884
220060 Angical do Piauí,5065,1723,6788
220070 Anísio de Abreu,3348,3818,7166
220080 Antônio Almeida,1916,935,2851
220090 Aroazes,3171,2854,6025
220100 Arraial,2495,2414,4909
220105 Assunção do Piauí,2832,4101,6933
220110 Avelino Lopes,5118,4507,9625
220115 Baixa Grande do Ribeiro,3656,4123,7779
220117 Barra D'Alcântara,1615,2492,4107
220120 Barras,18809,22082,40891
220130 Barreiras do Piauí,1582,1516,3098
220140 Barro Duro,5029,1758,6787
220150 Batalha,7930,16197,24127
220155 Bela Vista do Piauí,758,2205,2963
220157 Belém do Piauí,879,1550,2429
220160 Beneditinos,5214,4498,9712
220170 Bertolínia,3537,1580,5117
220173 Betânia do Piauí,1029,7611,8640
220177 Boa Hora,1023,4147,5170
220180 Bocaina,1493,2715,4208
220190 Bom Jesus,10961,4963,15924
220191 Bom Princípio do Piauí,1216,3409,4625
220192 Bonfim do Piauí,1159,3722,4881
220194 Boqueirão do Piauí,1877,3690,5567
220196 Brasileira,2926,4440,7366
220198 Brejo do Piauí,1194,2792,3986
220200 Buriti dos Lopes,9332,9266,18598
220202 Buriti dos Montes,1845,5439,7284
220205 Cabeceiras do Piauí,1389,7109,8498
220207 Cajazeiras do Piauí,866,1801,2667
220208 Cajueiro da Praia,2201,3921,6122
220209 Caldeirão Grande do Piauí,1311,4170,5481
220210 Campinas do Piauí,1544,3597,5141
220211 Campo Alegre do Fidalgo,410,4041,4451
220213 Campo Grande do Piauí,1180,3702,4882
220217 Campo Largo do Piauí,1044,4699,5743
220220 Campo Maior,31928,11198,43126
220225 Canavieira,1854,2260,4114
220230 Canto do Buriti,10154,8217,18371
220240 Capitão de Campos,5641,4395,10036
220245 Capitão Gervásio Oliveira,358,3075,3433
220250 Caracol,3013,5027,8040
220253 Caraúbas do Piauí,635,4174,4809
220255 Caridade do Piauí,1091,2971,4062
220260 Castelo do Piauí,9242,9097,18339
220265 Caxingó,758,3389,4147
220270 Cocal,10647,13503,24150
220271 Cocal de Telha,2234,2014,4248
220272 Cocal dos Alves,1334,3821,5155
220273 Coivaras,875,2632,3507
220275 Colônia do Gurguéia,3886,1126,5012
220277 Colônia do Piauí,2650,4601,7251
220280 Conceição do Canindé,2607,2319,4926
220285 Coronel José Dias,1013,3402,4415
220290 Corrente,12552,10674,23226
220300 Cristalândia do Piauí,2309,4184,6493
220310 Cristino Castro,6170,3099,9269
220320 Curimatá,5267,4251,9518
220323 Currais,701,3531,4232
220327 Curral Novo do Piauí,1050,3170,4220
220325 Curralinhos,797,2844,3641
220330 Demerval Lobão,10254,2235,12489
220335 Dirceu Arcoverde,1855,4211,6066
220340 Dom Expedito Lopes,3335,2619,5954
220345 Dom Inocêncio,856,8053,8909
220342 Domingos Mourão,950,3334,4284
220350 Elesbão Veloso,10133,4869,15002
220360 Eliseu Martins,2801,1387,4188
220370 Esperantina,20748,13346,34094
220375 Fartura do Piauí,895,3790,4685
220380 Flores do Piauí,1753,2619,4372
220385 Floresta do Piauí,586,1830,2416
220390 Floriano,46684,7907,54591
220400 Francinópolis,3122,2132,5254
220410 Francisco Ayres,2375,2861,5236
220415 Francisco Macedo,639,1698,2337
220420 Francisco Santos,3354,3689,7043
220430 Fronteiras,5746,4266,10012
220435 Geminiano,839,3951,4790
220440 Gilbués,4521,5708,10229
220450 Guadalupe,9596,712,10308
220455 Guaribas,898,3916,4814
220460 Hugo Napoleão,2945,758,3703
220465 Ilha Grande,6505,1385,7890
220470 Inhuma,6614,7812,14426
220480 Ipiranga do Piauí,4923,3505,8428
220490 Isaías Coelho,1693,5965,7658
220500 Itainópolis,2572,7809,10381
220510 Itaueira,5125,5222,10347
220515 Jacobina do Piauí,851,4839,5690
220520 Jaicós,7375,8484,15859
220525 Jardim do Mulato,1169,2821,3990
220527 Jatobá do Piauí,657,3657,4314
220530 Jerumenha,2594,1921,4515
220535 João Costa,453,2572,3025
220540 Joaquim Pires,3670,9406,13076
220545 Joca Marques,1188,3161,4349
220550 José de Freitas,18110,14748,32858
220551 Juazeiro do Piauí,970,3553,4523
220552 Júlio Borges,936,3930,4866
220553 Jurema,498,3549,4047
220555 Lagoa Alegre,2337,4512,6849
220557 Lagoa de São Francisco,1684,4111,5795
220556 Lagoa do Barro do Piauí,842,3608,4450
220558 Lagoa do Piauí,939,2549,3488
220559 Lagoa do Sítio,1590,2548,4138
220554 Lagoinha do Piauí,1033,1198,2231
220560 Landri Sales,3901,1727,5628
220570 Luís Correia,10297,13956,24253
220580 Luzilândia,13453,10589,24042
220585 Madeiro,2544,4227,6771
220590 Manoel Emídio,2566,2585,5151
220595 Marcolândia,4748,1430,6178
220600 Marcos Parente,3054,1225,4279
220605 Massapê do Piauí,771,5217,5988
220610 Matias Olímpio,4210,5517,9727
220620 Miguel Alves,9609,20240,29849
220630 Miguel Leão,749,621,1370
220635 Milton Brandão,1609,5291,6900
220640 Monsenhor Gil,4877,5432,10309
220650 Monsenhor Hipólito,2630,4134,6764
220660 Monte Alegre do Piauí,2672,7558,10230
220665 Morro Cabeça no Tempo,704,3722,4426
220667 Morro do Chapéu do Piauí,1729,4277,6006
220669 Murici dos Portelas,1002,5373,6375
220670 Nazaré do Piauí,3331,4474,7805
220675 Nossa Senhora de Nazaré,1082,2783,3865
220680 Nossa Senhora dos Remédios,2705,4509,7214
220795 Nova Santa Rita,402,3748,4150
220690 Novo Oriente do Piauí,3333,3427,6760
220695 Novo Santo Antônio,307,2848,3155
220700 Oeiras,19629,14281,33910
220710 Olho D'Água do Piauí,943,1340,2283
220720 Padre Marcos,2553,4625,7178
220730 Paes Landim,2324,1860,4184
220735 Pajeú do Piauí,1185,1709,2894
220740 Palmeira do Piauí,1414,3785,5199
220750 Palmeirais,4381,7773,12154
220755 Paquetá,498,3888,4386
220760 Parnaguá,4052,5293,9345
220770 Parnaíba,124988,7294,132282
220775 Passagem Franca do Piauí,2314,1881,4195
220777 Patos do Piauí,1200,4434,5634
220780 Paulistana,8939,7590,16529
220785 Pavussu,1634,2339,3973
220790 Pedro II,20917,15284,36201
220793 Pedro Laurentino,448,1554,2002
220800 Picos,52547,16427,68974
220810 Pimenteiras,4152,7154,11306
220820 Pio IX,4278,12227,16505
220830 Piracuruca,17881,6905,24786
220840 Piripiri,43537,16617,60154
220850 Porto,6695,3878,10573
220855 Porto Alegre do Piauí,1201,1220,2421
220860 Prata do Piauí,2390,727,3117
220865 Queimada Nova,729,7603,8332
220870 Redenção do Gurguéia,4679,3102,7781
220880 Regeneração,13241,4230,17471
220885 Riacho Frio,1626,2695,4321
220887 Ribeira do Piauí,523,3356,3879
220890 Ribeiro Gonçalves,2990,2732,5722
220900 Rio Grande do Piauí,3967,2164,6131
220910 Santa Cruz do Piauí,3854,1922,5776
220915 Santa Cruz dos Milagres,1737,1597,3334
220920 Santa Filomena,2521,3510,6031
220930 Santa Luz,2581,2199,4780
220937 Santa Rosa do Piauí,3452,1771,5223
220935 Santana do Piauí,1753,2842,4595
220940 Santo Antônio de Lisboa,3364,1790,5154
220945 Santo Antônio dos Milagres,622,1254,1876
220950 Santo Inácio do Piauí,1904,1543,3447
220955 São Braz do Piauí,935,3257,4192
220960 São Félix do Piauí,1762,1635,3397
220965 São Francisco de Assis do Piauí,705,3101,3806
220970 São Francisco do Piauí,1787,4569,6356
220975 São Gonçalo do Gurguéia,873,1449,2322
220980 São Gonçalo do Piauí,3266,983,4249
220985 São João da Canabrava,1245,2995,4240
220987 São João da Fronteira,1613,3273,4886
220990 São João da Serra,3163,3512,6675
220995 São João da Varjota,1055,3320,4375
220997 São João do Arraial,2324,3410,5734
221000 São João do Piauí,11353,6317,17670
221005 São José do Divino,2195,2686,4881
221010 São José do Peixe,1891,1934,3825
221020 São José do Piauí,1898,4808,6706
221030 São Julião,2134,3566,5700
221035 São Lourenço do Piauí,691,3583,4274
221037 São Luis do Piauí,594,1894,2488
221038 São Miguel da Baixa Grande,1247,783,2030
221039 São Miguel do Fidalgo,933,2058,2991
221040 São Miguel do Tapuio,6595,12213,18808
221050 São Pedro do Piauí,7103,5407,12510
221060 São Raimundo Nonato,17202,9688,26890
221062 Sebastião Barros,465,4059,4524
221063 Sebastião Leal,1408,2427,3835
221065 Sigefredo Pacheco,2306,6740,9046
221070 Simões,4542,9079,13621
221080 Simplício Mendes,6673,4293,10966
221090 Socorro do Piauí,1517,3158,4675
221093 Sussuapara,1191,3851,5042
221095 Tamboril do Piauí,1034,1379,2413
221097 Tanque do Piauí,1087,1231,2318
221100 Teresina,677470,37890,715360
221110 União,16089,23712,39801
221120 Uruçuí,11112,5899,17011
221130 Valença do Piauí,14110,5777,19887
221135 Várzea Branca,949,4254,5203
221140 Várzea Grande,2647,1828,4475
221150 Vera Mendes,586,2321,2907
221160 Vila Nova do Piauí,500,2406,2906
221170 Wall Ferraz,979,3019,3998
230010 Abaiara,3208,5177,8385
230015 Acarape,7025,5902,12927
230020 Acaraú,24582,24386,48968
230030 Acopiara,22230,24907,47137
230040 Aiuaba,3162,11290,14452
230050 Alcântaras,2762,6786,9548
230060 Altaneira,3787,1900,5687
230070 Alto Santo,5447,9947,15394
230075 Amontada,11802,20531,32333
230080 Antonina do Norte,4429,2080,6509
230090 Apuiarés,5453,7087,12540
230100 Aquiraz,54682,5787,60469
230110 Aracati,39179,22008,61187
230120 Aracoiaba,12205,11859,24064
230125 Ararendá,4075,5933,10008
230130 Araripe,10151,9455,19606
230140 Aratuba,2157,10202,12359
230150 Arneiroz,2146,5392,7538
230160 Assaré,9428,11454,20882
230170 Aurora,10080,15127,25207
230180 Baixio,2585,3139,5724
230185 Banabuiú,7622,8551,16173
230190 Barbalha,30669,16362,47031
230195 Barreira,6375,10649,17024
230200 Barro,10866,9141,20007
230205 Barroquinha,9096,4825,13921
230210 Baturité,20846,9015,29861
230220 Beberibe,19697,22646,42343
230230 Bela Cruz,11585,16773,28358
230240 Boa Viagem,20820,29486,50306
230250 Brejo Santo,22678,15806,38484
230260 Camocim,40684,14764,55448
230270 Campos Sales,17135,8431,25566
230280 Canindé,39573,30028,69601
230290 Capistrano,5252,10578,15830
230300 Caridade,8381,7223,15604
230310 Cariré,5459,13158,18617
230320 Caririaçu,10618,15115,25733
230330 Cariús,7170,11274,18444
230340 Carnaubal,6925,8305,15230
230350 Cascavel,47453,9676,57129
230360 Catarina,6465,9082,15547
230365 Catunda,4068,5218,9286
230370 Caucaia,226088,24391,250479
230380 Cedro,13501,10561,24062
230390 Chaval,8497,3666,12163
230393 Choró,2849,9152,12001
230395 Chorozinho,9469,9238,18707
230400 Coreaú,11263,8718,19981
230410 Crateús,47549,23349,70898
230420 Crato,83917,20729,104646
230423 Croatá,7298,8766,16064
230425 Cruz,8218,11561,19779
230426 Deputado Irapuan Pinheiro,2721,5664,8385
230427 Ererê,2262,4040,6302
230428 Eusébio,31500,-,31500
230430 Farias Brito,8726,11589,20315
230435 Forquilha,11619,5869,17488
230440 Fortaleza,2141402,-,2141402
230445 Fortim,8610,3456,12066
230450 Frecheirinha,6459,5373,11832
230460 General Sampaio,2316,2550,4866
230465 Graça,4838,9975,14813
230470 Granja,22564,25920,48484
230480 Granjeiro,1234,4061,5295
230490 Groaíras,5588,3153,8741
230495 Guaiúba,15611,4273,19884
230500 Guaraciaba do Norte,14826,20211,35037
230510 Guaramiranga,2330,3384,5714
230520 Hidrolândia,9122,8565,17687
230523 Horizonte,28122,5668,33790
230526 Ibaretama,3366,9195,12561
230530 Ibiapina,8231,13926,22157
230533 Ibicuitinga,4387,5048,9435
230535 Icapuí,4662,11390,16052
230540 Icó,26047,36474,62521
230550 Iguatu,62366,23249,85615
230560 Independência,10265,14997,25262
230565 Ipaporanga,3203,8044,11247
230570 Ipaumirim,6199,5340,11539
230580 Ipu,22404,16674,39078
230590 Ipueiras,15775,22444,38219
230600 Iracema,8279,4876,13155
230610 Irauçuba,10873,8687,19560
230620 Itaiçaba,3672,2907,6579
230625 Itaitinga,26546,2671,29217
230630 Itapajé,27459,13634,41093
230640 Itapipoca,48481,45888,94369
230650 Itapiúna,7684,8592,16276
230655 Itarema,9901,20446,30347
230660 Itatira,6030,9511,15541
230670 Jaguaretama,7295,10729,18024
230680 Jaguaribara,3539,5191,8730
230690 Jaguaribe,21051,14011,35062
230700 Jaguaruana,16580,13155,29735
230710 Jardim,7358,19056,26414
230720 Jati,3016,4249,7265
230725 Jijoca de Jericoacoara,3434,8655,12089
230730 Juazeiro do Norte,202227,9906,212133
230740 Jucás,11856,10776,22632
230750 Lavras da Mangabeira,16730,14473,31203
230760 Limoeiro do Norte,28213,21407,49620
230763 Madalena,5459,9405,14864
230765 Maracanaú,179170,562,179732
230770 Maranguape,65268,22867,88135
230780 Marco,11687,8740,20427
230790 Martinópole,6487,2115,8602
230800 Massapê,19173,10401,29574
230810 Mauriti,18079,24320,42399
230820 Meruoca,5627,5712,11339
230830 Milagres,11291,15668,26959
230835 Milhã,5054,7974,13028
230837 Miraíma,4772,6645,11417
230840 Missão Velha,12785,19801,32586
230850 Mombaça,16052,25163,41215
230860 Monsenhor Tabosa,7823,8521,16344
230870 Morada Nova,33869,30531,64400
230880 Moraújo,3352,3694,7046
230890 Morrinhos,7746,10182,17928
230900 Mucambo,7574,6237,13811
230910 Mulungu,3715,5182,8897
230920 Nova Olinda,6393,5684,12077
230930 Nova Russas,20844,8503,29347
230940 Novo Oriente,12709,13410,26119
230945 Ocara,6372,15212,21584
230950 Orós,15800,6223,22023
230960 Pacajus,34301,9769,44070
230970 Pacatuba,47028,4668,51696
230980 Pacoti,3809,7120,10929
230990 Pacujá,3276,2377,5653
231000 Palhano,4259,3907,8166
231010 Palmácia,4417,5442,9859
231020 Paracuru,16673,10868,27541
231025 Paraipaba,12680,12782,25462
231030 Parambu,12550,19752,32302
231040 Paramoti,4175,6795,10970
231050 Pedra Branca,17347,23395,40742
231060 Penaforte,4478,2539,7017
231070 Pentecoste,19212,13388,32600
231080 Pereiro,5109,10116,15225
231085 Pindoretama,6818,8133,14951
231090 Piquet Carneiro,5582,7549,13131
231095 Pires Ferreira,2813,5830,8643
231100 Poranga,7135,4602,11737
231110 Porteiras,4480,11178,15658
231120 Potengi,3985,5153,9138
231123 Potiretama,2197,3571,5768
231126 Quiterianópolis,5068,13287,18355
231130 Quixadá,46888,22766,69654
231135 Quixelô,4165,11431,15596
231140 Quixeramobim,30600,28635,59235
231150 Quixeré,9857,7005,16862
231160 Redenção,12787,12206,24993
231170 Reriutaba,9734,11490,21224
231180 Russas,35323,21997,57320
231190 Saboeiro,7798,8428,16226
231195 Salitre,4489,9436,13925
231220 Santa Quitéria,19355,23020,42375
231200 Santana do Acaraú,12454,13744,26198
231210 Santana do Cariri,8178,8669,16847
231230 São Benedito,20970,18924,39894
231240 São Gonçalo do Amarante,22077,13531,35608
231250 São João do Jaguaribe,2744,5906,8650
231260 São Luís do Curu,7384,4113,11497
231270 Senador Pompeu,15682,11543,27225
231280 Senador Sá,3802,1803,5605
231290 Sobral,134508,20768,155276
231300 Solonópole,7716,9186,16902
231310 Tabuleiro do Norte,15852,11246,27098
231320 Tamboril,12401,13572,25973
231325 Tarrafas,1947,7266,9213
231330 Tauá,26721,25227,51948
231335 Tejuçuoca,4157,9362,13519
231340 Tianguá,37299,20770,58069
231350 Trairi,14413,30114,44527
231355 Tururu,5278,6220,11498
231360 Ubajara,12490,14605,27095
231370 Umari,3540,3895,7435
231375 Umirim,10060,7283,17343
231380 Uruburetama,11170,5274,16444
231390 Uruoca,6121,5358,11479
231395 Varjota,13479,3114,16593
231400 Várzea Alegre,19268,15576,34844
231410 Viçosa do Ceará,14478,30949,45427
240010 Acari,8841,2348,11189
240020 Açu,34645,13259,47904
240030 Afonso Bezerra,6500,4367,10867
240040 Água Nova,1630,1048,2678
240050 Alexandria,8890,4882,13772
240060 Almino Afonso,3375,1820,5195
240070 Alto do Rodrigues,6482,3017,9499
240080 Angicos,9391,2235,11626
240090 Antônio Martins,3157,3600,6757
240100 Apodi,16353,17821,34174
240110 Areia Branca,17861,4669,22530
240120 Arês,6761,4562,11323
240130 Augusto Severo,4670,4354,9024
240140 Baía Formosa,6369,1452,7821
240145 Baraúna,11965,6957,18922
240150 Barcelona,1599,2391,3990
240160 Bento Fernandes,2044,2665,4709
240165 Bodó,1230,1545,2775
240170 Bom Jesus,6275,2333,8608
240180 Brejinho,7344,2973,10317
240185 Caiçara do Norte,5537,305,5842
240190 Caiçara do Rio do Vento,1922,945,2867
240200 Caicó,50624,6378,57002
240210 Campo Redondo,4822,4379,9201
240220 Canguaretama,16924,10087,27011
240230 Caraúbas,12304,6506,18810
240240 Carnaúba dos Dantas,5035,1537,6572
240250 Carnaubais,2104,6088,8192
240260 Ceará-Mirim,30839,31585,62424
240270 Cerro Corá,4790,6049,10839
240280 Coronel Ezequiel,2212,3197,5409
240290 Coronel João Pessoa,1812,2891,4703
240300 Cruzeta,5977,2161,8138
240310 Currais Novos,35529,5262,40791
240320 Doutor Severiano,2261,4291,6552
240330 Encanto,2116,2682,4798
240340 Equador,4324,1340,5664
240350 Espírito Santo,5709,5006,10715
240360 Extremoz,13418,6154,19572
240370 Felipe Guerra,3276,2258,5534
240375 Fernando Pedroza,2293,357,2650
240380 Florânia,6269,2709,8978
240390 Francisco Dantas,1571,1450,3021
240400 Frutuoso Gomes,2726,1854,4580
240410 Galinhos,1001,766,1767
240420 Goianinha,12469,5192,17661
240430 Governador Dix-Sept Rosado,5904,5868,11772
240440 Grossos,6275,1974,8249
240450 Guamaré,3599,4550,8149
240460 Ielmo Marinho,1123,9126,10249
240470 Ipanguaçu,4352,7572,11924
240480 Ipueira,1540,362,1902
240485 Itajá,5128,1121,6249
240490 Itaú,4110,1161,5271
240500 Jaçanã,5609,2068,7677
240510 Jandaíra,3792,2332,6124
240520 Janduís,3761,1836,5597
240530 Januário Cicco,2611,5076,7687
240540 Japi,3783,2545,6328
240550 Jardim de Angicos,544,2126,2670
240560 Jardim de Piranhas,8998,2996,11994
240570 Jardim do Seridó,9297,2744,12041
240580 João Câmara,19956,9292,29248
240590 João Dias,1189,1407,2596
240600 José da Penha,3287,2621,5908
240610 Jucurutu,10388,6931,17319
240620 Lagoa d'Anta,3387,2242,5629
240630 Lagoa de Pedras,2146,4249,6395
240640 Lagoa de Velhos,1577,1074,2651
240650 Lagoa Nova,5688,6370,12058
240660 Lagoa Salgada,3415,3393,6808
240670 Lajes,7970,1429,9399
240680 Lajes Pintadas,2053,2477,4530
240690 Lucrécia,1932,1286,3218
240700 Luís Gomes,5907,3247,9154
240710 Macaíba,36041,18842,54883
240720 Macau,18612,7088,25700
240725 Major Sales,2255,693,2948
240730 Marcelino Vieira,4138,4235,8373
240740 Martins,4194,3531,7725
240750 Maxaranguape,3017,4984,8001
240760 Messias Targino,2910,808,3718
240770 Montanhas,8652,3296,11948
240780 Monte Alegre,7555,11319,18874
240790 Monte das Gameleiras,1412,1129,2541
240800 Mossoró,199081,14760,213841
240810 Natal,712317,-,712317
240820 Nísia Floresta,8638,10402,19040
240830 Nova Cruz,21634,12200,33834
240840 Olho-d'Água do Borges,3176,1285,4461
240850 Ouro Branco,2963,1704,4667
240860 Paraná,661,2972,3633
240870 Paraú,3157,935,4092
240880 Parazinho,3060,1265,4325
240890 Parelhas,15606,3713,19319
240325 Parnamirim,109139,15551,124690
240910 Passa e Fica,4488,3841,8329
240920 Passagem,1265,1426,2691
240930 Patu,8848,2323,11171
240940 Pau dos Ferros,22311,2447,24758
240950 Pedra Grande,1292,2725,4017
240960 Pedra Preta,748,2099,2847
240970 Pedro Avelino,5046,2960,8006
240980 Pedro Velho,5813,7705,13518
240990 Pendências,8944,2457,11401
241000 Pilões,2178,824,3002
241010 Poço Branco,6875,5386,12261
241020 Portalegre,2983,3763,6746
241025 Porto do Mangue,2285,1779,4064
241040 Pureza,2537,4426,6963
241050 Rafael Fernandes,2206,2041,4247
241060 Rafael Godeiro,1752,1201,2953
241070 Riacho da Cruz,2169,498,2667
241080 Riacho de Santana,1586,2614,4200
241090 Riachuelo,3631,2129,5760
240895 Rio do Fogo,3620,5597,9217
241100 Rodolfo Fernandes,3781,686,4467
241110 Ruy Barbosa,1376,2310,3686
241120 Santa Cruz,25594,5700,31294
240933 Santa Maria,2351,1427,3778
241140 Santana do Matos,7160,8827,15987
241142 Santana do Seridó,1394,983,2377
241150 Santo Antônio,12052,8055,20107
241160 São Bento do Norte,925,2453,3378
241170 São Bento do Trairí,1644,1600,3244
241180 São Fernando,1479,1755,3234
241190 São Francisco do Oeste,2456,1024,3480
241200 São Gonçalo do Amarante,9798,59637,69435
241210 São João do Sabugi,4142,1556,5698
241220 São José de Mipibu,15602,19310,34912
241230 São José do Campestre,9265,2717,11982
241240 São José do Seridó,2659,1118,3777
241250 São Miguel,11655,8469,20124
241255 São Miguel do Gostoso,2902,4678,7580
241260 São Paulo do Potengi,9899,3923,13822
241270 São Pedro,2861,3915,6776
241280 São Rafael,5384,2817,8201
241290 São Tomé,5600,5198,10798
241300 São Vicente,2823,2810,5633
241310 Senador Elói de Souza,2093,2935,5028
241320 Senador Georgino Avelino,727,2575,3302
241030 Serra Caiada,3959,3046,7005
241330 Serra de São Bento,2917,2953,5870
241335 Serra do Mel,8203,34,8237
241340 Serra Negra do Norte,2909,4634,7543
241350 Serrinha,2022,5231,7253
241355 Serrinha dos Pintos,1854,2441,4295
241360 Severiano Melo,2275,8304,10579
241370 Sítio Novo,2025,2423,4448
241380 Taboleiro Grande,1608,421,2029
241390 Taipu,4138,7393,11531
241400 Tangará,8109,4009,12118
241410 Tenente Ananias,5581,3294,8875
241415 Tenente Laurentino Cruz,1261,3151,4412
241105 Tibau,2688,509,3197
241420 Tibau do Sul,1288,6461,7749
241430 Timbaúba dos Batistas,1670,519,2189
241440 Touros,7594,20285,27879
241445 Triunfo Potiguar,1730,1912,3642
241450 Umarizal,8844,2248,11092
241460 Upanema,5043,5948,10991
241470 Várzea,5490,2748,8238
241475 Venha-Ver,713,2709,3422
241480 Vera Cruz,3925,4597,8522
241490 Viçosa,1408,113,1521
241500 Vila Flor,2435,93,2528
250010 Água Branca,3170,5207,8377
250020 Aguiar,2201,3437,5638
250030 Alagoa Grande,16847,12322,29169
250040 Alagoa Nova,8301,10274,18575
250050 Alagoinha,7789,4044,11833
250053 Alcantil,1671,3287,4958
250057 Algodão de Jandaíra,866,1343,2209
250060 Alhandra,8943,6971,15914
250073 Amparo,619,1267,1886
250077 Aparecida,2963,2931,5894
250080 Araçagi,5921,12174,18095
250090 Arara,7587,3943,11530
250100 Araruna,7349,9256,16605
250110 Areia,13471,12660,26131
250115 Areia de Baraúnas,865,1239,2104
250120 Areial,3715,2324,6039
250130 Aroeiras,6579,12941,19520
250135 Assunção,2142,818,2960
250140 Baía da Traição,2972,3511,6483
250150 Bananeiras,7590,14220,21810
250153 Baraúna,1936,1233,3169
250160 Barra de Santa Rosa,6786,6341,13127
250157 Barra de Santana,602,7709,8311
250170 Barra de São Miguel,2080,3082,5162
250180 Bayeux,87437,124,87561
250190 Belém,13200,3405,16605
250200 Belém do Brejo do Cruz,4484,2527,7011
250205 Bernardino Batista,339,2220,2559
250210 Boa Ventura,3502,3086,6588
250215 Boa Vista,2272,2711,4983
250220 Bom Jesus,819,1374,2193
250230 Bom Sucesso,1558,3727,5285
250240 Bonito de Santa Fé,4950,4280,9230
250250 Boqueirão,11141,4726,15867
250270 Borborema,3037,1693,4730
250280 Brejo do Cruz,8062,3806,11868
250290 Brejo dos Santos,4056,1892,5948
250300 Caaporã,11936,6505,18441
250310 Cabaceiras,1760,2530,4290
250320 Cabedelo,42832,-,42832
250330 Cachoeira dos Índios,2671,5163,7834
250340 Cacimba de Areia,1289,2288,3577
250350 Cacimba de Dentro,7553,9264,16817
250355 Cacimbas,1499,5480,6979
250360 Caiçara,4669,2656,7325
250370 Cajazeiras,41964,12751,54715
250375 Cajazeirinhas,737,2111,2848
250380 Caldas Brandão,2695,2460,5155
250390 Camalaú,2357,3159,5516
250400 Campina Grande,337484,17847,355331
250403 Capim,3656,524,4180
250407 Caraúbas,1074,2327,3401
250410 Carrapateira,1466,694,2160
250415 Casserengue,2566,4002,6568
250420 Catingueira,2539,2209,4748
250430 Catolé do Rocha,18336,8305,26641
250435 Caturité,798,3385,4183
250440 Conceição,10272,7659,17931
250450 Condado,4126,2369,6495
250460 Conde,10266,6147,16413
250470 Congo,2176,2426,4602
250480 Coremas,10571,4559,15130
250485 Coxixola,589,833,1422
250490 Cruz do Espírito Santo,5890,8191,14081
250500 Cubati,4030,2358,6388
250510 Cuité,12071,7875,19946
250523 Cuité de Mamanguape,1519,4605,6124
250520 Cuitegi,5678,1576,7254
250527 Curral de Cima,444,4879,5323
250530 Curral Velho,1345,1213,2558
250535 Damião,1432,2213,3645
250540 Desterro,4154,3547,7701
250560 Diamante,3569,3351,6920
250570 Dona Inês,3983,6244,10227
250580 Duas Estradas,2766,1052,3818
250590 Emas,1524,1537,3061
250600 Esperança,18520,9646,28166
250610 Fagundes,4958,6934,11892
250620 Frei Martinho,1446,1477,2923
250625 Gado Bravo,651,7870,8521
250630 Guarabira,44068,7414,51482
250640 Gurinhém,5543,7639,13182
250650 Gurjão,1684,1105,2789
250660 Ibiara,3549,2834,6383
250260 Igaracy,3539,2768,6307
250670 Imaculada,4190,7387,11577
250680 Ingá,10636,6837,17473
250690 Itabaiana,19801,5406,25207
250700 Itaporanga,14689,6434,21123
250710 Itapororoca,8206,6427,14633
250720 Itatuba,4985,4389,9374
250730 Jacaraú,7113,7004,14117
250740 Jericó,4198,3218,7416
250750 João Pessoa,597934,-,597934
251365 Joca Claudino,638,1930,2568
250760 Juarez Távora,5227,1854,7081
250770 Juazeirinho,7649,7224,14873
250780 Junco do Seridó,3479,2489,5968
250790 Juripiranga,8657,990,9647
250800 Juru,3866,6179,10045
250810 Lagoa,1742,3102,4844
250820 Lagoa de Dentro,3347,3739,7086
250830 Lagoa Seca,8112,16042,24154
250840 Lastro,1082,2036,3118
250850 Livramento,3261,4344,7605
250855 Logradouro,1528,1861,3389
250860 Lucena,8027,1728,9755
250870 Mãe d'Água,1302,2157,3459
250880 Malta,4719,973,5692
250890 Mamanguape,30754,8018,38772
250900 Manaíra,4806,5667,10473
250905 Marcação,2948,3255,6203
250910 Mari,17420,3243,20663
250915 Marizópolis,4866,752,5618
250920 Massaranduba,3511,8186,11697
250930 Mataraca,4818,682,5500
250933 Matinhas,609,3477,4086
250937 Mato Grosso,879,1548,2427
250939 Maturéia,2460,2572,5032
250940 Mogeiro,4526,8705,13231
250950 Montadas,1966,2003,3969
250960 Monte Horebe,2156,1956,4112
250970 Monteiro,16684,11003,27687
250980 Mulungu,4137,5052,9189
250990 Natuba,3146,7416,10562
251000 Nazarezinho,2727,4545,7272
251010 Nova Floresta,8376,1045,9421
251020 Nova Olinda,3169,3288,6457
251030 Nova Palmeira,2052,1521,3573
251040 Olho d'Água,3495,4336,7831
251050 Olivedos,1360,1834,3194
251060 Ouro Velho,1905,918,2823
251065 Parari,339,1098,1437
251070 Passagem,829,1150,1979
251080 Patos,87949,3812,91761
251090 Paulista,4442,6824,11266
251100 Pedra Branca,1980,1712,3692
251110 Pedra Lavrada,2446,4171,6617
251120 Pedras de Fogo,13910,11951,25861
251272 Pedro Régis,1374,3509,4883
251130 Piancó,10052,4820,14872
251140 Picuí,10673,7223,17896
251150 Pilar,6975,3299,10274
251160 Pilões,2793,5007,7800
251170 Pilõezinhos,2298,3132,5430
251180 Pirpirituba,7518,2680,10198
251190 Pitimbu,7911,6016,13927
251200 Pocinhos,7557,7323,14880
251203 Poço Dantas,717,3111,3828
251207 Poço de José de Moura,994,2535,3529
251210 Pombal,23614,8340,31954
251220 Prata,2218,1207,3425
251230 Princesa Isabel,11401,6830,18231
251240 Puxinanã,3160,8821,11981
251250 Queimadas,17046,18986,36032
251260 Quixaba,505,803,1308
251270 Remígio,10196,4718,14914
251274 Riachão,1690,1103,2793
251275 Riachão do Bacamarte,2454,1494,3948
251276 Riachão do Poço,859,2835,3694
251278 Riacho de Santo Antônio,828,506,1334
251280 Riacho dos Cavalos,2833,5231,8064
251290 Rio Tinto,13284,9027,22311
251300 Salgadinho,505,2318,2823
251310 Salgado de São Félix,4927,7119,12046
251315 Santa Cecília,1193,5669,6862
251320 Santa Cruz,2746,3725,6471
251330 Santa Helena,2654,3516,6170
251335 Santa Inês,1057,2491,3548
251340 Santa Luzia,12469,1543,14012
251370 Santa Rita,100475,15369,115844
251380 Santa Teresinha,1607,3121,4728
251350 Santana de Mangueira,1850,3923,5773
251360 Santana dos Garrotes,3672,4210,7882
251385 Santo André,602,2198,2800
251392 São Bentinho,2228,1361,3589
251390 São Bento,20277,5948,26225
251396 São Domingos,910,1588,2498
251394 São Domingos do Cariri,780,1409,2189
251398 São Francisco,1047,2417,3464
251400 São João do Cariri,1996,2707,4703
250070 São João do Rio do Peixe,6066,11595,17661
251410 São João do Tigre,1236,3245,4481
251420 São José da Lagoa Tapada,2978,4206,7184
251430 São José de Caiana,2047,3690,5737
251440 São José de Espinharas,1475,3634,5109
251450 São José de Piranhas,8111,9765,17876
251455 São José de Princesa,449,4521,4970
251460 São José do Bonfim,965,1873,2838
251465 São José do Brejo do Cruz,713,819,1532
251470 São José do Sabugi,2212,1691,3903
251480 São José dos Cordeiros,1307,2829,4136
251445 São José dos Ramos,1536,3364,4900
251490 São Mamede,5567,2451,8018
251500 São Miguel de Taipu,2741,3345,6086
251510 São Sebastião de Lagoa de Roça,3776,6250,10026
251520 São Sebastião do Umbuzeiro,1809,1085,2894
251540 São Vicente do Seridó,3461,5645,9106
251530 Sapé,35516,11837,47353
251550 Serra Branca,7949,4326,12275
251560 Serra da Raiz,2222,1214,3436
251570 Serra Grande,1464,1391,2855
251580 Serra Redonda,3125,4182,7307
251590 Serraria,3165,3513,6678
251593 Sertãozinho,2112,1332,3444
251597 Sobrado,583,6302,6885
251600 Solânea,17834,12824,30658
251610 Soledade,8461,3600,12061
251615 Sossêgo,1326,1272,2598
251620 Sousa,46200,16435,62635
251630 Sumé,10877,4158,15035
251640 Tacima,3706,5682,9388
251650 Taperoá,7934,5365,13299
251660 Tavares,5017,8567,13584
251670 Teixeira,7948,4005,11953
251675 Tenório,1276,1197,2473
251680 Triunfo,3733,5320,9053
251690 Uiraúna,8946,4735,13681
251700 Umbuzeiro,3582,5610,9192
251710 Várzea,1403,648,2051
251720 Vieirópolis,914,3758,4672
250550 Vista Serrana,1220,1901,3121
251740 Zabelê,1186,667,1853
260005 Abreu e Lima,77696,11343,89039
260010 Afogados da Ingazeira,23149,9773,32922
260020 Afrânio,3985,11029,15014
260030 Agrestina,12895,7141,20036
260040 Água Preta,14707,13824,28531
260050 Águas Belas,19937,16704,36641
260060 Alagoinha,6738,5797,12535
260070 Aliança,17091,20098,37189
260080 Altinho,10542,11589,22131
260090 Amaraji,14381,6928,21309
260100 Angelim,4543,4539,9082
260105 Araçoiaba,12447,2661,15108
260110 Araripina,34651,36247,70898
260120 Arcoverde,55301,6299,61600
260130 Barra de Guabiraba,9260,1679,10939
260140 Barreiros,31028,8111,39139
260150 Belém de Maria,6566,4060,10626
260160 Belém do São Francisco,11803,8405,20208
260170 Belo Jardim,50392,18306,68698
260180 Betânia,2921,8384,11305
260190 Bezerros,44566,12805,57371
260200 Bodocó,9302,22429,31731
260210 Bom Conselho,25222,16863,42085
260220 Bom Jardim,13033,23980,37013
260230 Bonito,22995,14755,37750
260240 Brejão,3217,5699,8916
260250 Brejinho,2389,4889,7278
260260 Brejo da Madre de Deus,24713,13396,38109
260270 Buenos Aires,6408,5599,12007
260280 Buíque,15472,28697,44169
260290 Cabo de Santo Agostinho,134486,18491,152977
260300 Cabrobó,15769,10972,26741
260310 Cachoeirinha,12084,4958,17042
260320 Caetés,5508,18629,24137
260330 Calçado,3265,8444,11709
260340 Calumbi,1914,5165,7079
260345 Camaragibe,128702,-,128702
260350 Camocim de São Félix,11177,3938,15115
260360 Camutanga,6016,1828,7844
260370 Canhotinho,12261,12659,24920
260380 Capoeiras,4843,14713,19556
260390 Carnaíba,6560,11136,17696
260392 Carnaubeira da Penha,1122,9282,10404
260400 Carpina,61006,2805,63811
260410 Caruaru,217407,36227,253634
260415 Casinhas,1425,11920,13345
260420 Catende,23451,7806,31257
260430 Cedro,5017,4534,9551
260440 Chã de Alegria,8082,3020,11102
260450 Chã Grande,11736,6671,18407
260460 Condado,18473,3324,21797
260470 Correntes,8844,8200,17044
260480 Cortês,8443,4238,12681
260490 Cumaru,6798,20691,27489
260500 Cupira,18085,4298,22383
260510 Custódia,16645,13324,29969
260515 Dormentes,3835,10576,14411
260520 Escada,45596,11745,57341
260530 Exu,11519,20904,32423
260540 Feira Nova,12156,6701,18857
260545 Fernando de Noronha,2051,-,2051
260550 Ferreiros,6957,3770,10727
260560 Flores,8139,12684,20823
260570 Floresta,15547,9182,24729
260580 Frei Miguelinho,2364,10614,12978
260590 Gameleira,16663,7340,24003
260600 Garanhuns,103435,14314,117749
260610 Glória do Goitá,12542,15012,27554
260620 Goiana,43531,27646,71177
260630 Granito,1601,4509,6110
260640 Gravatá,55563,11710,67273
260650 Iati,6608,11083,17691
260660 Ibimirim,13496,10844,24340
260670 Ibirajuba,2428,5010,7438
260680 Igarassu,75739,6538,82277
260690 Iguaracy,5308,6178,11486
260760 Ilha de Itamaracá,12930,2928,15858
260700 Inajá,6479,6801,13280
260710 Ingazeira,2128,2439,4567
260720 Ipojuca,40310,18971,59281
260730 Ipubi,13439,9603,23042
260740 Itacuruba,3233,436,3669
260750 Itaíba,8735,18064,26799
260765 Itambé,26325,8657,34982
260770 Itapetim,7591,7175,14766
260775 Itapissuma,16330,3786,20116
260780 Itaquitinga,10779,4171,14950
260790 Jaboatão dos Guararapes,568474,13082,581556
260795 Jaqueira,5904,5749,11653
260800 Jataúba,6628,8025,14653
260805 Jatobá,5412,7736,13148
260810 João Alfredo,10296,16727,27023
260820 Joaquim Nabuco,9617,6308,15925
260825 Jucati,2277,7418,9695
260830 Jupi,5785,6544,12329
260840 Jurema,7634,6107,13741
260850 Lagoa de Itaenga,15345,4827,20172
260845 Lagoa do Carro,8087,5023,13110
260860 Lagoa do Ouro,4548,6429,10977
260870 Lagoa dos Gatos,7460,8640,16100
260875 Lagoa Grande,8651,10486,19137
260880 Lajedo,22531,9678,32209
260890 Limoeiro,42412,13910,56322
260900 Macaparana,13518,8976,22494
260910 Machados,5474,4352,9826
260915 Manari,2287,10741,13028
260920 Maraial,7937,6080,14017
260930 Mirandiba,6375,6747,13122
261430 Moreilândia,5586,5530,11116
260940 Moreno,38294,10911,49205
260950 Nazaré da Mata,24704,4550,29254
260960 Olinda,360554,7348,367902
260970 Orobó,5587,16888,22475
260980 Orocó,3573,7252,10825
260990 Ouricuri,26608,30125,56733
261000 Palmares,43452,12338,55790
261010 Palmeirina,4790,4746,9536
261020 Panelas,10851,15023,25874
261030 Paranatama,1647,8701,10348
261040 Parnamirim,7323,11966,19289
261050 Passira,12326,16806,29132
261060 Paudalho,34432,10706,45138
261070 Paulista,262237,-,262237
261080 Pedra,10267,9977,20244
261090 Pesqueira,40991,16730,57721
261100 Petrolândia,19599,7721,27320
261110 Petrolina,166279,52259,218538
261120 Poção,6359,4819,11178
261130 Pombos,13979,9372,23351
261140 Primavera,6641,4836,11477
261150 Quipapá,10885,11260,22145
261153 Quixaba,2038,4817,6855
261160 Recife,1422905,-,1422905
261170 Riacho das Almas,6123,12019,18142
261180 Ribeirão,29646,11803,41449
261190 Rio Formoso,8349,12415,20764
261200 Sairé,5648,8001,13649
261210 Salgadinho,2251,4888,7139
261220 Salgueiro,39891,11680,51571
261230 Saloá,5141,9865,15006
261240 Sanharó,7613,8266,15879
261245 Santa Cruz,2861,8403,11264
261247 Santa Cruz da Baixa Verde,4147,6746,10893
261250 Santa Cruz do Capibaribe,57226,1822,59048
261255 Santa Filomena,1693,10422,12115
261260 Santa Maria da Boa Vista,14004,22910,36914
261270 Santa Maria do Cambucá,2261,9478,11739
261280 Santa Terezinha,5868,4383,10251
261290 São Benedito do Sul,5271,5206,10477
261300 São Bento do Una,23306,22054,45360
261310 São Caitano,22499,10927,33426
261320 São João,7144,12600,19744
261330 São Joaquim do Monte,11354,8488,19842
261340 São José da Coroa Grande,9516,4455,13971
261350 São José do Belmonte,14763,16889,31652
261360 São José do Egito,17695,11773,29468
261370 São Lourenço da Mata,83543,6859,90402
261380 São Vicente Ferrer,8906,7098,16004
261390 Serra Talhada,49605,21307,70912
261400 Serrita,4419,13429,17848
261410 Sertânia,17047,14610,31657
261420 Sirinhaém,13646,19400,33046
261440 Solidão,1303,4229,5532
261450 Surubim,33145,17186,50331
261460 Tabira,15944,8121,24065
261470 Tacaimbó,5927,7002,12929
261480 Tacaratu,7242,9854,17096
261485 Tamandaré,11548,5733,17281
261500 Taquaritinga do Norte,12022,7735,19757
261510 Terezinha,1880,4420,6300
261520 Terra Nova,3969,3549,7518
261530 Timbaúba,44035,12871,56906
261540 Toritama,20127,1673,21800
261550 Tracunhaém,9442,2952,12394
261560 Trindade,17195,4735,21930
261570 Triunfo,6561,8574,15135
261580 Tupanatinga,6420,14381,20801
261590 Tuparetama,5806,1960,7766
261600 Venturosa,8050,5412,13462
261610 Verdejante,2300,6546,8846
261618 Vertente do Lério,1508,7028,8536
261620 Vertentes,6303,8654,14957
261630 Vicência,10502,18318,28820
261640 Vitória de Santo Antão,99342,18267,117609
261650 Xexéu,7857,5740,13597
270010 Água Branca,4496,14164,18660
270020 Anadia,9108,8741,17849
270030 Arapiraca,152354,34112,186466
270040 Atalaia,17949,22603,40552
270050 Barra de Santo Antônio,9574,1777,11351
270060 Barra de São Miguel,5241,1138,6379
270070 Batalha,10322,4477,14799
270080 Belém,1823,4096,5919
270090 Belo Monte,1226,5596,6822
270100 Boca da Mata,15415,8812,24227
270110 Branquinha,5888,5437,11325
270120 Cacimbinhas,4236,5316,9552
270130 Cajueiro,14048,4927,18975
270135 Campestre,4725,1498,6223
270140 Campo Alegre,16117,24911,41028
270150 Campo Grande,3703,5431,9134
270160 Canapi,4112,13222,17334
270170 Capela,12227,6466,18693
270180 Carneiros,3385,3200,6585
270190 Chã Preta,3672,4088,7760
270200 Coité do Nóia,2519,9474,11993
270210 Colônia Leopoldina,11414,6079,17493
270220 Coqueiro Seco,4574,560,5134
270230 Coruripe,22199,26647,48846
270235 Craíbas,6608,14181,20789
270240 Delmiro Gouveia,33563,9432,42995
270250 Dois Riachos,4421,6645,11066
270255 Estrela de Alagoas,3260,13081,16341
270260 Feira Grande,3557,17713,21270
270270 Feliz Deserto,2848,988,3836
270280 Flexeiras,6690,5289,11979
270290 Girau do Ponciano,8858,20716,29574
270300 Ibateguara,8277,6828,15105
270310 Igaci,5886,19698,25584
270320 Igreja Nova,4433,17018,21451
270330 Inhapi,5937,11831,17768
270340 Jacaré dos Homens,2826,2894,5720
270350 Jacuípe,3344,3969,7313
270360 Japaratinga,2511,4357,6868
270370 Jaramataia,2887,2901,5788
270380 Joaquim Gomes,12606,8882,21488
270390 Jundiá,2148,2532,4680
270400 Junqueiro,6957,16875,23832
270410 Lagoa da Canoa,8886,11102,19988
270420 Limoeiro de Anadia,2105,22158,24263
270430 Maceió,795804,1955,797759
270440 Major Isidoro,8535,9104,17639
270490 Mar Vermelho,1469,2609,4078
270450 Maragogi,12902,8930,21832
270460 Maravilha,5254,8433,13687
270470 Marechal Deodoro,29837,6029,35866
270480 Maribondo,10101,5044,15145
270500 Mata Grande,4731,20301,25032
270510 Matriz de Camaragibe,18262,5755,24017
270520 Messias,9552,2438,11990
270530 Minador do Negrão,1898,3501,5399
270540 Monteirópolis,2691,4549,7240
270550 Murici,17485,7186,24671
270560 Novo Lino,5341,5034,10375
270570 Olho d'Água das Flores,12996,6421,19417
270580 Olho d'Água do Casado,3887,3172,7059
270590 Olho d'Água Grande,1077,3770,4847
270600 Olivença,2371,7998,10369
270610 Ouro Branco,5300,4777,10077
270620 Palestina,3014,1509,4523
270630 Palmeira dos Índios,48958,19102,68060
270640 Pão de Açúcar,10806,13545,24351
270642 Pariconha,2404,7682,10086
270644 Paripueira,7085,964,8049
270650 Passo de Camaragibe,5751,8004,13755
270660 Paulo Jacinto,4661,2824,7485
270670 Penedo,41545,15448,56993
270680 Piaçabuçu,10154,6621,16775
270690 Pilar,28166,3035,31201
270700 Pindoba,1330,1596,2926
270710 Piranhas,1340,18667,20007
270720 Poço das Trincheiras,1557,11665,13222
270730 Porto Calvo,14983,8968,23951
270740 Porto de Pedras,5198,5040,10238
270750 Porto Real do Colégio,5960,12395,18355
270760 Quebrangulo,6149,5753,11902
270770 Rio Largo,49919,12591,62510
270780 Roteiro,5477,1508,6985
270790 Santa Luzia do Norte,5446,942,6388
270800 Santana do Ipanema,23993,17492,41485
270810 Santana do Mundaú,6182,5352,11534
270820 São Brás,3021,3530,6551
270830 São José da Laje,12520,8551,21071
270840 São José da Tapera,9261,18301,27562
270850 São Luís do Quitunde,17525,12018,29543
270860 São Miguel dos Campos,35375,16081,51456
270870 São Miguel dos Milagres,1744,4116,5860
270880 São Sebastião,9408,19716,29124
270890 Satuba,9975,2580,12555
270895 Senador Rui Palmeira,3443,8536,11979
270900 Tanque d'Arca,2141,4453,6594
270910 Taquarana,4371,12675,17046
270915 Teotônio Vilela,29838,7043,36881
270920 Traipu,7131,16308,23439
270930 União dos Palmares,37869,20751,58620
270940 Viçosa,17611,8652,26263
280010 Amparo de São Francisco,1205,977,2182
280020 Aquidabã,9647,8697,18344
280030 Aracaju,461534,-,461534
280040 Arauá,4017,5745,9762
280050 Areia Branca,6809,8015,14824
280060 Barra dos Coqueiros,15176,2631,17807
280067 Boquim,14975,9213,24188
280070 Brejo Grande,3947,3155,7102
280100 Campo do Brito,6916,8259,15175
280110 Canhoba,1595,2370,3965
280120 Canindé de São Francisco,9303,8451,17754
280130 Capela,16095,10423,26518
280140 Carira,9443,8327,17770
280150 Carmópolis,7606,1746,9352
280160 Cedro de São João,4650,728,5378
280170 Cristinápolis,6445,7823,14268
280190 Cumbe,2130,1516,3646
280200 Divina Pastora,1849,1417,3266
280210 Estância,50854,8148,59002
280220 Feira Nova,3127,1941,5068
280230 Frei Paulo,6330,5643,11973
280240 Gararu,2988,8375,11363
280250 General Maynard,1565,835,2400
280260 Gracho Cardoso,2540,2979,5519
280270 Ilha das Flores,3796,4485,8281
280280 Indiaroba,4681,8471,13152
280290 Itabaiana,55472,21341,76813
280300 Itabaianinha,15559,19895,35454
280310 Itabi,2638,2536,5174
280320 Itaporanga d'Ajuda,9159,16323,25482
280330 Japaratuba,7212,7344,14556
280340 Japoatã,3866,9154,13020
280350 Lagarto,40527,42807,83334
280360 Laranjeiras,21213,2347,23560
280370 Macambira,2166,3636,5802
280380 Malhada dos Bois,1331,1877,3208
280390 Malhador,4867,6614,11481
280400 Maruim,11666,3788,15454
280410 Moita Bonita,3633,7125,10758
280420 Monte Alegre de Sergipe,6468,5119,11587
280430 Muribeca,2763,4338,7101
280440 Neópolis,10501,8092,18593
280445 Nossa Senhora Aparecida,2377,5902,8279
280450 Nossa Senhora da Glória,17137,9773,26910
280460 Nossa Senhora das Dores,13524,8671,22195
280470 Nossa Senhora de Lourdes,2965,3058,6023
280480 Nossa Senhora do Socorro,131279,400,131679
280490 Pacatuba,2533,9003,11536
280500 Pedra Mole,1100,1530,2630
280510 Pedrinhas,5398,2531,7929
280520 Pinhão,3133,2111,5244
280530 Pirambu,4148,3107,7255
280540 Poço Redondo,6360,19662,26022
280550 Poço Verde,10498,9475,19973
280560 Porto da Folha,8712,16952,25664
280570 Propriá,23567,3818,27385
280580 Riachão do Dantas,4270,14932,19202
280590 Riachuelo,6707,1630,8337
280600 Ribeirópolis,10095,5344,15439
280610 Rosário do Catete,5656,1446,7102
280620 Salgado,4983,13893,18876
280630 Santa Luzia do Itanhy,2585,11363,13948
280650 Santa Rosa de Lima,1960,1635,3595
280640 Santana do São Francisco,4051,2084,6135
280660 Santo Amaro das Brotas,8082,2588,10670
280670 São Cristóvão,63116,1531,64647
280680 São Domingos,3904,5356,9260
280690 São Francisco,2166,366,2532
280700 São Miguel do Aleixo,1479,1968,3447
280710 Simão Dias,16818,19995,36813
280720 Siriri,2726,4188,6914
280730 Telha,1063,1575,2638
280740 Tobias Barreto,27500,15672,43172
280750 Tomar do Geru,4135,8705,12840
280760 Umbaúba,10935,8279,19214
290010 Abaíra,3559,5508,9067
290020 Abaré,5528,8120,13648
290030 Acajutiba,12184,2138,14322
290035 Adustina,4484,9818,14302
290040 Água Fria,4324,10394,14718
290060 Aiquara,2726,2589,5315
290070 Alagoinhas,112440,17655,130095
290080 Alcobaça,7446,13454,20900
290090 Almadina,5416,2446,7862
290100 Amargosa,20884,10224,31108
290110 Amélia Rodrigues,19022,5112,24134
290115 América Dourada,10148,5811,15959
290120 Anagé,4208,26852,31060
290130 Andaraí,7166,6718,13884
290135 Andorinha,4335,11439,15774
290140 Angical,6035,8666,14701
290150 Anguera,3456,5378,8834
290160 Antas,5014,9045,14059
290170 Antônio Cardoso,2316,9304,11620
290180 Antônio Gonçalves,5260,4456,9716
290190 Aporá,6546,10223,16769
290195 Apuarema,4382,3061,7443
290205 Araças,5330,5673,11003
290200 Aracatu,3187,12304,15491
290210 Araci,16189,31395,47584
290220 Aramari,4291,4967,9258
290225 Arataca,5483,5735,11218
290230 Aratuípe,4787,3594,8381
290240 Aurelino Leal,13940,3209,17149
290250 Baianópolis,2727,9452,12179
290260 Baixa Grande,7126,13315,20441
290265 Banzaê,3414,7742,11156
290270 Barra,19641,24562,44203
290280 Barra da Estiva,8933,15507,24440
290290 Barra do Choça,17721,23097,40818
290300 Barra do Mendes,5579,8031,13610
290310 Barra do Rocha,3425,4649,8074
290320 Barreiras,115784,16065,131849
290323 Barro Alto,5176,6922,12098
290330 Barro Preto,5159,3443,8602
290340 Belmonte,10806,9226,20032
290350 Belo Campo,8082,9573,17655
290360 Biritinga,2347,12294,14641
290370 Boa Nova,4589,15955,20544
290380 Boa Vista do Tupim,5840,12568,18408
290390 Bom Jesus da Lapa,37726,16695,54421
290395 Bom Jesus da Serra,1953,8549,10502
290400 Boninal,3821,8640,12461
290405 Bonito,5501,7401,12902
290410 Boquira,6600,15521,22121
290420 Botuporã,3251,8271,11522
290430 Brejões,4568,10776,15344
290440 Brejolândia,1832,6930,8762
290450 Brotas de Macaúbas,3050,9953,13003
290460 Brumado,40710,20960,61670
290470 Buerarema,16249,2869,19118
290475 Buritirama,5924,11873,17797
290480 Caatiba,4428,11080,15508
290485 Cabaceiras do Paraguaçu,3305,12242,15547
290490 Cachoeira,15831,14585,30416
290500 Caculé,11531,8808,20339
290510 Caém,3377,9186,12563
290515 Caetanos,2312,10764,13076
290520 Caetité,23459,21631,45090
290530 Cafarnaum,9209,6850,16059
290540 Cairu,6981,4429,11410
290550 Caldeirão Grande,4081,7314,11395
290560 Camacan,24282,6773,31055
290570 Camaçari,154402,7325,161727
290580 Camamu,12107,21554,33661
290590 Campo Alegre de Lourdes,6539,21068,27607
290600 Campo Formoso,21003,40939,61942
290610 Canápolis,2538,7205,9743
290620 Canarana,9755,11910,21665
290630 Canavieiras,26343,8979,35322
290640 Candeal,3417,6704,10121
290650 Candeias,69127,7656,76783
290660 Candiba,6159,5965,12124
290670 Cândido Sales,18924,9592,28516
290680 Cansanção,9221,22726,31947
290682 Canudos,7012,6749,13761
290685 Capela do Alto Alegre,4533,7365,11898
290687 Capim Grosso,17861,6047,23908
290689 Caraíbas,1424,15740,17164
290690 Caravelas,10332,9771,20103
290700 Cardeal da Silva,2832,5202,8034
290710 Carinhanha,10483,16789,27272
290720 Casa Nova,27266,28464,55730
290730 Castro Alves,14647,10914,25561
290740 Catolândia,848,2244,3092
290750 Catu,37816,8915,46731
290755 Caturama,1563,7077,8640
290760 Central,7637,9155,16792
290770 Chorrochó,2155,8016,10171
290780 Cícero Dantas,15797,15137,30934
290790 Cipó,9527,4758,14285
290800 Coaraci,23269,4583,27852
290810 Cocos,6424,11187,17611
290820 Conceição da Feira,11237,6277,17514
290830 Conceição do Almeida,8318,10594,18912
290840 Conceição do Coité,28026,28291,56317
290850 Conceição do Jacuípe,19466,6728,26194
290860 Conde,10492,9934,20426
290870 Condeúba,6331,11716,18047
290880 Contendas do Sincorá,2331,1933,4264
290890 Coração de Maria,7528,16290,23818
290900 Cordeiros,2100,6093,8193
290910 Coribe,5695,9453,15148
290920 Coronel João Sá,5538,14127,19665
290930 Correntina,11355,19228,30583
290940 Cotegipe,6547,6827,13374
290950 Cravolândia,3000,2001,5001
290960 Crisópolis,6855,12182,19037
290970 Cristópolis,2675,9987,12662
290980 Cruz das Almas,39604,13445,53049
290990 Curaçá,10775,18066,28841
291000 Dário Meira,4931,10291,15222
291005 Dias d'Ávila,42673,2660,45333
291010 Dom Basílio,1521,8906,10427
291020 Dom Macedo Costa,1297,2451,3748
291030 Elísio Medrado,2514,5346,7860
291040 Encruzilhada,4983,27941,32924
291050 Entre Rios,23019,14494,37513
290050 Érico Cardoso,1322,10838,12160
291060 Esplanada,17538,9692,27230
291070 Euclides da Cunha,24531,29354,53885
291072 Eunápolis,79161,4959,84120
291075 Fátima,6343,11955,18298
291077 Feira da Mata,2822,3413,6235
291080 Feira de Santana,431730,49219,480949
291085 Filadélfia,7966,9228,17194
291090 Firmino Alves,3806,1364,5170
291100 Floresta Azul,7548,4066,11614
291110 Formosa do Rio Preto,9381,8907,18288
291120 Gandu,22060,5100,27160
291125 Gavião,2203,2589,4792
291130 Gentio do Ouro,4902,5271,10173
291140 Glória,2365,12194,14559
291150 Gongogi,6250,4272,10522
291160 Governador Mangabeira,6684,10481,17165
291165 Guajeru,1723,11113,12836
291170 Guanambi,54003,17725,71728
291180 Guaratinga,10017,14302,24319
291185 Heliópolis,4232,8876,13108
291190 Iaçu,21636,6865,28501
291200 Ibiassucê,4037,8791,12828
291210 Ibicaraí,19333,9528,28861
291220 Ibicoara,4016,10437,14453
291230 Ibicuí,10454,4675,15129
291240 Ibipeba,9282,6080,15362
291250 Ibipitanga,3663,9756,13419
291260 Ibiquera,2493,2002,4495
291270 Ibirapitanga,6363,15814,22177
291280 Ibirapuã,3573,3523,7096
291290 Ibirataia,18726,6015,24741
291300 Ibitiara,2714,11729,14443
291310 Ibititá,8060,9845,17905
291320 Ibotirama,16384,7765,24149
291330 Ichu,2663,2930,5593
291340 Igaporã,7101,7456,14557
291345 Igrapiúna,2377,12583,14960
291350 Iguaí,12557,12577,25134
291360 Ilhéus,162125,60002,222127
291370 Inhambupe,12581,17008,29589
291380 Ipecaetá,2065,16318,18383
291390 Ipiaú,37924,5697,43621
291400 Ipirá,23320,38426,61746
291410 Ipupiara,5184,3357,8541
291420 Irajuba,2717,3645,6362
291430 Iramaia,7682,9871,17553
291440 Iraquara,5330,13004,18334
291450 Irará,8657,16506,25163
291460 Irecê,53143,4293,57436
291465 Itabela,18837,6909,25746
291470 Itaberaba,44517,14426,58943
291480 Itabuna,191184,5491,196675
291490 Itacaré,7951,10169,18120
291500 Itaeté,5454,8552,14006
291510 Itagi,9986,4643,14629
291520 Itagibá,8767,8424,17191
291530 Itagimirim,5941,1787,7728
291535 Itaguaçu da Bahia,1987,9322,11309
291540 Itaju do Colônia,6441,2139,8580
291550 Itajuípe,16123,6388,22511
291560 Itamaraju,48037,16107,64144
291570 Itamari,5488,2859,8347
291580 Itambé,22175,8675,30850
291590 Itanagra,1859,4511,6370
291600 Itanhém,14090,7244,21334
291610 Itaparica,18945,-,18945
291620 Itapé,8666,5973,14639
291630 Itapebi,8542,2584,11126
291640 Itapetinga,55182,2749,57931
291650 Itapicuru,5085,22230,27315
291660 Itapitanga,7095,3287,10382
291670 Itaquara,4165,3696,7861
291680 Itarantim,12960,3963,16923
291685 Itatim,8700,4000,12700
291690 Itiruçu,9871,3714,13585
291700 Itiúba,8864,26679,35543
291710 Itororó,16627,3172,19799
291720 Ituaçu,4429,12839,17268
291730 Ituberá,15910,8223,24133
291733 Iuiú,4571,5918,10489
291735 Jaborandi,2023,8265,10288
291740 Jacaraci,3651,9869,13520
291750 Jacobina,52088,24404,76492
291760 Jaguaquara,35103,11518,46621
291770 Jaguarari,13381,14031,27412
291780 Jaguaripe,4632,8790,13422
291790 Jandaíra,5507,4520,10027
291800 Jequié,130296,16906,147202
291810 Jeremoabo,14764,20152,34916
291820 Jiquiriçá,4588,9050,13638
291830 Jitaúna,9568,11488,21056
291835 João Dourado,11441,7526,18967
291840 Juazeiro,133278,41289,174567
291845 Jucuruçu,1850,10527,12377
291850 Jussara,9865,5474,15339
291855 Jussari,5124,2432,7556
291860 Jussiape,3766,6285,10051
291870 Lafaiete Coutinho,1921,2181,4102
291875 Lagoa Real,2006,10759,12765
291880 Laje,5118,14483,19601
291890 Lajedão,1852,1557,3409
291900 Lajedinho,1154,3198,4352
291905 Lajedo do Tabocal,4608,3492,8100
291910 Lamarão,1928,7595,9523
291915 Lapão,9222,15505,24727
291920 Lauro de Freitas,108385,5158,113543
291930 Lençóis,6395,2515,8910
291940 Licínio de Almeida,5957,6392,12349
291950 Livramento de Nossa Senhora,16724,21301,38025
291960 Macajuba,4405,7069,11474
291970 Macarani,10719,3875,14594
291980 Macaúbas,11681,30125,41806
291990 Macururé,2355,6257,8612
291992 Madre de Deus,11599,437,12036
291995 Maetinga,1974,11712,13686
292000 Maiquinique,5208,2118,7326
292010 Mairi,9595,10490,20085
292020 Malhada,6073,9541,15614
292030 Malhada de Pedras,2348,6078,8426
292040 Manoel Vitorino,6783,9921,16704
292045 Mansidão,2334,8712,11046
292050 Maracás,18516,13167,31683
292060 Maragogipe,21043,19271,40314
292070 Maraú,2849,15517,18366
292080 Marcionílio Souza,5097,5678,10775
292090 Mascote,11853,4240,16093
292100 Mata de São João,24969,7599,32568
292105 Matina,2759,7483,10242
292110 Medeiros Neto,16027,5208,21235
292120 Miguel Calmon,14819,13448,28267
292130 Milagres,9359,2708,12067
292140 Mirangaba,4713,9548,14261
292145 Mirante,1279,12387,13666
292150 Monte Santo,7226,47326,54552
292160 Morpará,5494,3103,8597
292170 Morro do Chapéu,19793,14701,34494
292180 Mortugaba,4994,7604,12598
292190 Mucugê,3317,10365,13682
292200 Mucuri,18685,9377,28062
292205 Mulungu do Morro,6159,8960,15119
292210 Mundo Novo,11129,10144,21273
292220 Muniz Ferreira,3301,3640,6941
292225 Muquém de São Francisco,997,8055,9052
292230 Muritiba,17905,12739,30644
292240 Mutuípe,8984,11478,20462
292250 Nazaré,23011,3354,26365
292260 Nilo Peçanha,2495,8718,11213
292265 Nordestina,2875,8925,11800
292270 Nova Canaã,5973,9393,15366
292273 Nova Fátima,4441,3095,7536
292275 Nova Ibiá,2534,4632,7166
292280 Nova Itarana,2497,4095,6592
292285 Nova Redenção,4492,4144,8636
292290 Nova Soure,10869,13536,24405
292300 Nova Viçosa,24636,7440,32076
292303 Novo Horizonte,2000,6502,8502
292305 Novo Triunfo,5247,8352,13599
292310 Olindina,11152,12757,23909
292320 Oliveira dos Brejinhos,5817,15853,21670
292330 Ouriçangas,2584,4941,7525
292335 Ourolândia,4458,10898,15356
292340 Palmas de Monte Alto,6657,13442,20099
292350 Palmeiras,3999,3519,7518
292360 Paramirim,7883,11038,18921
292370 Paratinga,9067,18612,27679
292380 Paripiranga,7781,18810,26591
292390 Pau Brasil,8740,4308,13048
292400 Paulo Afonso,82584,13915,96499
292405 Pé de Serra,4111,9420,13531
292410 Pedrão,1457,5307,6764
292420 Pedro Alexandre,2131,14822,16953
292430 Piatã,5771,13206,18977
292440 Pilão Arcado,7865,22848,30713
292450 Pindaí,3631,11863,15494
292460 Pindobaçu,10456,10413,20869
292465 Pintadas,4076,6851,10927
292467 Piraí do Norte,2787,7638,10425
292470 Piripá,5248,10880,16128
292480 Piritiba,12728,6309,19037
292490 Planaltino,2990,4973,7963
292500 Planalto,12537,9170,21707
292510 Poções,31801,12412,44213
292520 Pojuca,21884,4319,26203
292525 Ponto Novo,6767,10420,17187
292530 Porto Seguro,79619,16102,95721
292540 Potiraguá,7546,7033,14579
292550 Prado,14169,12329,26498
292560 Presidente Dutra,7659,6071,13730
292570 Presidente Jânio Quadros,2913,14132,17045
292575 Presidente Tancredo Neves,6221,13183,19404
292580 Queimadas,9783,14830,24613
292590 Quijingue,4892,21484,26376
292593 Quixabeira,3130,6336,9466
292595 Rafael Jambeiro,4902,17698,22600
292600 Remanso,21015,15242,36257
292610 Retirolândia,5474,5417,10891
292620 Riachão das Neves,10257,11660,21917
292630 Riachão do Jacuípe,15569,16064,31633
292640 Riacho de Santana,11011,17632,28643
292650 Ribeira do Amparo,1459,12444,13903
292660 Ribeira do Pombal,25383,20887,46270
292665 Ribeirão do Largo,4451,10852,15303
292670 Rio de Contas,5684,8251,13935
292680 Rio do Antônio,5112,9525,14637
292690 Rio do Pires,4310,7700,12010
292700 Rio Real,20043,13217,33260
292710 Rodelas,4786,1474,6260
292720 Ruy Barbosa,20263,8763,29026
292730 Salinas da Margarida,4611,5766,10377
292740 Salvador,2442102,1005,2443107
292750 Santa Bárbara,7167,10766,17933
292760 Santa Brígida,4408,12495,16903
292770 Santa Cruz Cabrália,13527,10361,23888
292780 Santa Cruz da Vitória,4988,2037,7025
292790 Santa Inês,10374,653,11027
292805 Santa Luzia,8329,7174,15503
292810 Santa Maria da Vitória,22787,18474,41261
292840 Santa Rita de Cássia,12185,11841,24026
292850 Santa Teresinha,1859,6837,8696
292800 Santaluz,17966,12989,30955
292820 Santana,12496,11643,24139
292830 Santanópolis,1250,7394,8644
292860 Santo Amaro,44505,13909,58414
292870 Santo Antônio de Jesus,66245,11123,77368
292880 Santo Estêvão,19693,21452,41145
292890 São Desidério,7129,11877,19006
292895 São Domingos,3711,4815,8526
292910 São Felipe,8250,11978,20228
292900 São Félix,8748,4951,13699
292905 São Félix do Coribe,8552,3206,11758
292920 São Francisco do Conde,21870,4412,26282
292925 São Gabriel,9811,8601,18412
292930 São Gonçalo dos Campos,13552,13448,27000
292935 São José da Vitória,5154,1056,6210
292937 São José do Jacuípe,5701,3532,9233
292940 São Miguel das Matas,2772,7248,10020
292950 São Sebastião do Passé,29549,10411,39960
292960 Sapeaçu,7524,8926,16450
292970 Sátiro Dias,3426,13825,17251
292975 Saubara,10076,117,10193
292980 Saúde,5991,5497,11488
292990 Seabra,16749,22673,39422
293000 Sebastião Laranjeiras,3639,5644,9283
293010 Senhor do Bonfim,51343,16380,67723
293020 Sento Sé,17264,15197,32461
293015 Serra do Ramalho,3742,28858,32600
293030 Serra Dourada,5377,12638,18015
293040 Serra Preta,5692,12034,17726
293050 Serrinha,45943,37263,83206
293060 Serrolândia,6042,6574,12616
293070 Simões Filho,76905,17161,94066
293075 Sítio do Mato,6470,5282,11752
293076 Sítio do Quinto,3662,13369,17031
293077 Sobradinho,19610,1715,21325
293080 Souto Soares,5080,9715,14795
293090 Tabocas do Brejo Velho,3431,9188,12619
293100 Tanhaçu,7017,13027,20044
293105 Tanque Novo,5535,10236,15771
293110 Tanquinho,5082,2378,7460
293120 Taperoá,7523,8410,15933
293130 Tapiramutá,12425,4636,17061
293135 Teixeira de Freitas,98688,8798,107486
293140 Teodoro Sampaio,6627,2257,8884
293150 Teofilândia,5858,14574,20432
293160 Teolândia,3606,8966,12572
293170 Terra Nova,11131,1744,12875
293180 Tremedal,3503,17697,21200
293190 Tucano,18597,32351,50948
293200 Uauá,9608,16385,25993
293210 Ubaíra,8010,12585,20595
293220 Ubaitaba,18582,5272,23854
293230 Ubatã,17847,3956,21803
293240 Uibaí,7880,5734,13614
293245 Umburanas,6186,7954,14140
293250 Una,15274,15987,31261
293260 Urandi,4730,11346,16076
293270 Uruçuca,14158,6165,20323
293280 Utinga,11472,5417,16889
293290 Valença,55884,21625,77509
293300 Valente,9511,9634,19145
293305 Várzea da Roça,5847,7786,13633
293310 Várzea do Poço,5034,2481,7515
293315 Várzea Nova,8683,5471,14154
293317 Varzedo,2627,6046,8673
293320 Vera Cruz,27872,1878,29750
293325 Vereda,1276,6174,7450
293330 Vitória da Conquista,225545,36949,262494
293340 Wagner,6037,2939,8976
293345 Wanderley,5478,8171,13649
293350 Wenceslau Guimarães,6790,17136,23926
293360 Xique-Xique,31565,13153,44718
310010 Abadia dos Dourados,3927,2519,6446
310020 Abaeté,19022,3338,22360
310030 Abre Campo,5983,7365,13348
310040 Acaiaca,2385,1504,3889
310050 Açucena,4579,6910,11489
310060 Água Boa,4653,13142,17795
310070 Água Comprida,1353,739,2092
310080 Aguanil,1869,1693,3562
310090 Águas Formosas,12594,5251,17845
310100 Águas Vermelhas,8115,3763,11878
310110 Aimorés,18764,6341,25105
310120 Aiuruoca,3020,3449,6469
310130 Alagoa,1001,1799,2800
310140 Albertina,1745,1096,2841
310150 Além Paraíba,31028,2582,33610
310160 Alfenas,62148,4809,66957
310163 Alfredo Vasconcelos,3148,1953,5101
310170 Almenara,27770,7615,35385
310180 Alpercata,5312,1654,6966
310190 Alpinópolis,13551,3480,17031
310200 Alterosa,8989,3987,12976
310205 Alto Caparaó,3329,1344,4673
315350 Alto Jequitibá,4011,4447,8458
310210 Alto Rio Doce,4912,8946,13858
310220 Alvarenga,2023,3189,5212
310230 Alvinópolis,10804,4784,15588
310240 Alvorada de Minas,1129,2398,3527
310250 Amparo do Serra,2506,2971,5477
310260 Andradas,24087,8881,32968
310280 Andrelândia,9557,2753,12310
310285 Angelândia,3226,4242,7468
310290 Antônio Carlos,5931,4939,10870
310300 Antônio Dias,4450,5594,10044
310310 Antônio Prado de Minas,977,817,1794
310320 Araçaí,1761,384,2145
310330 Aracitaba,1454,632,2086
310340 Araçuaí,20461,15252,35713
310350 Araguari,92748,9226,101974
310360 Arantina,2662,244,2906
310370 Araponga,2541,5375,7916
310375 Araporã,4821,488,5309
310380 Arapuá,1716,1028,2744
310390 Araújos,5080,1137,6217
310400 Araxá,77743,1254,78997
310410 Arceburgo,6482,1553,8035
310420 Arcos,29343,3344,32687
310430 Areado,9790,2438,12228
310440 Argirita,2152,1021,3173
310445 Aricanduva,1060,3195,4255
310450 Arinos,10137,7572,17709
310460 Astolfo Dutra,10342,1463,11805
310470 Ataléia,7561,9186,16747
310480 Augusto de Lima,2459,2700,5159
310490 Baependi,11987,5536,17523
310500 Baldim,4818,3337,8155
310510 Bambuí,17672,4025,21697
310520 Bandeira,2341,2977,5318
310530 Bandeira do Sul,4124,775,4899
310540 Barão de Cocais,21307,2084,23391
310550 Barão de Monte Alto,4027,2205,6232
310560 Barbacena,103669,10457,114126
310570 Barra Longa,2244,5310,7554
310590 Barroso,17731,628,18359
310600 Bela Vista de Minas,9240,606,9846
310610 Belmiro Braga,950,2477,3427
310620 Belo Horizonte,2238526,-,2238526
310630 Belo Oriente,16217,3299,19516
310640 Belo Vale,3136,4293,7429
310650 Berilo,3031,9948,12979
310665 Berizal,2067,1903,3970
310660 Bertópolis,2444,1992,4436
310670 Betim,298258,8417,306675
310680 Bias Fortes,1641,2751,4392
310690 Bicas,11498,1295,12793
310700 Biquinhas,1644,1177,2821
310710 Boa Esperança,30392,6682,37074
310720 Bocaina de Minas,2205,2778,4983
310730 Bocaiúva,32446,10360,42806
310740 Bom Despacho,37221,2722,39943
310750 Bom Jardim de Minas,5687,956,6643
310760 Bom Jesus da Penha,2293,1230,3523
310770 Bom Jesus do Amparo,2025,2792,4817
310780 Bom Jesus do Galho,9294,6879,16173
310790 Bom Repouso,5364,5150,10514
310800 Bom Sucesso,13659,3405,17064
310810 Bonfim,2556,4310,6866
310820 Bonfinópolis de Minas,4202,2241,6443
310825 Bonito de Minas,1420,6443,7863
310830 Borda da Mata,11202,3237,14439
310840 Botelhos,10544,4557,15101
310850 Botumirim,3306,3528,6834
310870 Brás Pires,1805,3302,5107
310855 Brasilândia de Minas,9212,2261,11473
310860 Brasília de Minas,17580,12686,30266
310880 Braúnas,1276,4132,5408
310890 Brazópolis,7694,7471,15165
310900 Brumadinho,19373,7241,26614
310910 Bueno Brandão,5241,5691,10932
310920 Buenópolis,7440,2928,10368
310925 Bugre,1298,2651,3949
310930 Buritis,13868,6528,20396
310940 Buritizeiro,21804,4100,25904
310945 Cabeceira Grande,4579,1341,5920
310950 Cabo Verde,6520,7207,13727
310960 Cachoeira da Prata,3549,231,3780
310970 Cachoeira de Minas,5795,4760,10555
310270 Cachoeira de Pajeú,3135,5388,8523
310980 Cachoeira Dourada,1993,312,2305
310990 Caetanópolis,7400,1171,8571
311000 Caeté,31656,4643,36299
311010 Caiana,1751,2616,4367
311020 Cajuri,2287,1903,4190
311030 Caldas,7232,5534,12766
311040 Camacho,1302,2231,3533
311050 Camanducaia,14262,6275,20537
311060 Cambuí,17683,5286,22969
311070 Cambuquira,10023,2515,12538
311080 Campanário,2426,993,3419
311090 Campanha,11735,2363,14098
311100 Campestre,10372,10181,20553
311110 Campina Verde,13411,5689,19100
311115 Campo Azul,1322,2252,3574
311120 Campo Belo,45592,3595,49187
311130 Campo do Meio,10039,1397,11436
311140 Campo Florido,3140,2188,5328
311150 Campos Altos,11619,1200,12819
311160 Campos Gerais,17739,8802,26541
311190 Cana Verde,3191,2473,5664
311170 Canaã,1419,3370,4789
311180 Canápolis,9010,1623,10633
311200 Candeias,9172,5289,14461
311205 Cantagalo,1979,1859,3838
311210 Caparaó,1806,3194,5000
311220 Capela Nova,2066,2898,4964
311230 Capelinha,20066,11165,31231
311240 Capetinga,5909,1515,7424
311250 Capim Branco,7146,754,7900
311260 Capinópolis,13140,1263,14403
311265 Capitão Andrade,2624,1682,4306
311270 Capitão Enéas,9967,3146,13113
311280 Capitólio,5658,2079,7737
311290 Caputira,3434,5400,8834
311300 Caraí,6701,14280,20981
311310 Caranaíba,1176,2302,3478
311320 Carandaí,15781,5276,21057
311330 Carangola,24740,7181,31921
311340 Caratinga,62338,15451,77789
311350 Carbonita,5562,3405,8967
311360 Careaçu,4248,1562,5810
311370 Carlos Chagas,14190,7804,21994
311380 Carmésia,1155,1091,2246
311390 Carmo da Cachoeira,7527,4073,11600
311400 Carmo da Mata,7668,2732,10400
311410 Carmo de Minas,7730,4815,12545
311420 Carmo do Cajuru,14122,3035,17157
311430 Carmo do Paranaíba,24276,5184,29460
311440 Carmo do Rio Claro,13320,6412,19732
311450 Carmópolis de Minas,9075,5273,14348
311455 Carneirinho,5515,3395,8910
311460 Carrancas,2263,1624,3887
311470 Carvalhópolis,2137,952,3089
311480 Carvalhos,2532,2201,4733
311490 Casa Grande,1013,1251,2264
311500 Cascalho Rico,1182,1440,2622
311510 Cássia,13842,3436,17278
311530 Cataguases,60482,3498,63980
311535 Catas Altas,2970,1271,4241
311540 Catas Altas da Noruega,1130,2158,3288
311545 Catuji,1574,5758,7332
311547 Catuti,2900,2437,5337
311550 Caxambu,21690,439,22129
311560 Cedro do Abaeté,1140,149,1289
311570 Central de Minas,5230,1318,6548
311580 Centralina,9346,890,10236
311590 Chácara,1651,719,2370
311600 Chalé,2511,3152,5663
311610 Chapada do Norte,4863,10362,15225
311615 Chapada Gaúcha,3080,4190,7270
311620 Chiador,1410,1548,2958
311630 Cipotânea,2418,3927,6345
311640 Claraval,2061,2181,4242
311650 Claro dos Poções,5057,3136,8193
311660 Cláudio,17189,5333,22522
311670 Coimbra,3488,3035,6523
311680 Coluna,3379,5990,9369
311690 Comendador Gomes,1174,1668,2842
311700 Comercinho,3340,6864,10204
311710 Conceição da Aparecida,5608,3764,9372
311520 Conceição da Barra de Minas,2674,1347,4021
311730 Conceição das Alagoas,14410,2746,17156
311720 Conceição das Pedras,1140,1574,2714
311740 Conceição de Ipanema,1421,2956,4377
311750 Conceição do Mato Dentro,10636,8001,18637
311760 Conceição do Pará,1722,3071,4793
311770 Conceição do Rio Verde,10594,1679,12273
311780 Conceição dos Ouros,6477,2452,8929
311783 Cônego Marinho,764,5713,6477
311787 Confins,3126,1754,4880
311790 Congonhal,6122,2604,8726
311800 Congonhas,39458,1798,41256
311810 Congonhas do Norte,2225,2672,4897
311820 Conquista,4747,1354,6101
311830 Conselheiro Lafaiete,99515,3321,102836
311840 Conselheiro Pena,16611,5123,21734
311850 Consolação,850,849,1699
311860 Contagem,533330,4687,538017
311870 Coqueiral,6118,3494,9612
311880 Coração de Jesus,13948,11781,25729
311890 Cordisburgo,5688,2834,8522
311900 Cordislândia,2704,655,3359
311910 Corinto,21450,3096,24546
311920 Coroaci,4695,6107,10802
311930 Coromandel,20261,7191,27452
311940 Coronel Fabriciano,96255,1196,97451
311950 Coronel Murta,6477,2657,9134
311960 Coronel Pacheco,1802,1098,2900
311970 Coronel Xavier Chaves,1600,1585,3185
311980 Córrego Danta,2161,1513,3674
311990 Córrego do Bom Jesus,1388,2439,3827
311995 Córrego Fundo,3353,1826,5179
312000 Córrego Novo,2142,1496,3638
312010 Couto de Magalhães de Minas,3621,386,4007
312015 Crisólita,1478,3820,5298
312020 Cristais,6552,2966,9518
312030 Cristália,2595,2988,5583
312040 Cristiano Otoni,3626,1279,4905
312050 Cristina,5490,4849,10339
312060 Crucilândia,2251,2226,4477
312070 Cruzeiro da Fortaleza,3136,584,3720
312080 Cruzília,12141,1624,13765
312083 Cuparaque,3252,1115,4367
312087 Curral de Dentro,3566,2407,5973
312090 Curvelo,59197,8315,67512
312100 Datas,2622,2418,5040
312110 Delfim Moreira,2672,5360,8032
312120 Delfinópolis,4668,1909,6577
312125 Delta,4660,405,5065
312130 Descoberto,3251,1280,4531
312140 Desterro de Entre Rios,3040,3767,6807
312150 Desterro do Melo,1092,2119,3211
312160 Diamantina,37774,6485,44259
312170 Diogo de Vasconcelos,841,3131,3972
312180 Dionísio,5611,4580,10191
312190 Divinésia,1494,1694,3188
312200 Divino,8664,9756,18420
312210 Divino das Laranjeiras,2902,2063,4965
312220 Divinolândia de Minas,4966,1468,6434
312230 Divinópolis,177973,5989,183962
312235 Divisa Alegre,4656,159,4815
312240 Divisa Nova,4338,1201,5539
312245 Divisópolis,4904,1576,6480
312247 Dom Bosco,2019,2036,4055
312250 Dom Cavati,4752,721,5473
312260 Dom Joaquim,2715,1983,4698
312270 Dom Silvério,3835,1393,5228
312280 Dom Viçoso,944,2090,3034
312290 Dona Eusébia,4616,746,5362
312300 Dores de Campos,7170,1179,8349
312310 Dores de Guanhães,1443,3937,5380
312320 Dores do Indaiá,13306,1082,14388
312330 Dores do Turvo,1877,2922,4799
312340 Doresópolis,963,387,1350
312350 Douradoquara,1133,652,1785
312352 Durandé,2987,4018,7005
312360 Elói Mendes,17055,4892,21947
312370 Engenheiro Caldas,7309,2038,9347
312380 Engenheiro Navarro,4714,2371,7085
312385 Entre Folhas,3446,1608,5054
312390 Entre Rios de Minas,8390,4724,13114
312400 Ervália,7560,9458,17018
312410 Esmeraldas,38181,8909,47090
312420 Espera Feliz,11261,9267,20528
312430 Espinosa,16811,14167,30978
312440 Espírito Santo do Dourado,1469,2693,4162
312450 Estiva,4428,5938,10366
312460 Estrela Dalva,1801,873,2674
312470 Estrela do Indaiá,2852,745,3597
312480 Estrela do Sul,5040,1843,6883
312490 Eugenópolis,5662,4104,9766
312500 Ewbank da Câmara,3168,440,3608
312510 Extrema,12902,6317,19219
312520 Fama,1442,911,2353
312530 Faria Lemos,2277,1329,3606
312540 Felício dos Santos,1994,3735,5729
312560 Felisburgo,4546,1695,6241
312570 Felixlândia,9447,3337,12784
312580 Fernandes Tourinho,1725,838,2563
312590 Ferros,4628,7703,12331
312595 Fervedouro,3715,5956,9671
312600 Florestal,3840,1807,5647
312610 Formiga,55597,7310,62907
312620 Formoso,3409,3113,6522
312630 Fortaleza de Minas,2652,1107,3759
312640 Fortuna de Minas,1515,922,2437
312650 Francisco Badaró,2511,7798,10309
312660 Francisco Dumont,2592,1896,4488
312670 Francisco Sá,13191,10371,23562
312675 Franciscópolis,2049,4377,6426
312680 Frei Gaspar,1707,4268,5975
312690 Frei Inocêncio,5911,2265,8176
312695 Frei Lagonegro,396,2795,3191
312700 Fronteira,6926,2098,9024
312705 Fronteira dos Vales,2929,1973,4902
312707 Fruta de Leite,2042,4735,6777
312710 Frutal,39012,7554,46566
312720 Funilândia,1592,1689,3281
312730 Galiléia,5714,1527,7241
312733 Gameleiras,855,4408,5263
312735 Glaucilândia,763,2004,2767
312737 Goiabeira,2116,599,2715
312738 Goianá,2412,911,3323
312740 Gonçalves,1057,3066,4123
312750 Gonzaga,2692,3021,5713
312760 Gouveia,7740,3949,11689
312770 Governador Valadares,236098,11033,247131
312780 Grão Mogol,4831,9393,14224
312790 Grupiara,1159,217,1376
312800 Guanhães,20938,6890,27828
312810 Guapé,6287,7333,13620
312820 Guaraciaba,2749,7513,10262
312825 Guaraciama,2406,2063,4469
312830 Guaranésia,15812,2816,18628
312840 Guarani,6205,2315,8520
312850 Guarará,3552,614,4166
312860 Guarda-Mor,3513,3143,6656
312870 Guaxupé,43005,4031,47036
312880 Guidoval,5304,2186,7490
312890 Guimarânia,5013,1371,6384
312900 Guiricema,3955,5304,9259
312910 Gurinhatã,2834,4049,6883
312920 Heliodora,4218,1439,5657
312930 Iapu,6395,3323,9718
312940 Ibertioga,3175,1965,5140
312950 Ibiá,17353,3691,21044
312960 Ibiaí,5141,2110,7251
312965 Ibiracatu,2856,3678,6534
312970 Ibiraci,6742,3487,10229
312980 Ibirité,132335,709,133044
312990 Ibitiúra de Minas,2049,1252,3301
313000 Ibituruna,1987,768,2755
313005 Icaraí de Minas,1942,7373,9315
313010 Igarapé,22977,1861,24838
313020 Igaratinga,5416,1939,7355
313030 Iguatama,6859,1410,8269
313040 Ijaci,4079,985,5064
313050 Ilicínea,7637,2895,10532
313055 Imbé de Minas,1652,4259,5911
313060 Inconfidentes,3217,3262,6479
313065 Indaiabira,1233,6192,7425
313070 Indianópolis,3204,2183,5387
313080 Ingaí,1469,1025,2494
313090 Inhapim,12670,12225,24895
313100 Inhaúma,3464,1731,5195
313110 Inimutaba,4080,2036,6116
313115 Ipaba,13156,1375,14531
313120 Ipanema,12260,4026,16286
313130 Ipatinga,210895,1601,212496
313140 Ipiaçu,3511,515,4026
313150 Ipuiúna,6589,2369,8958
313160 Iraí de Minas,4600,1303,5903
313170 Itabira,89703,8619,98322
313180 Itabirinha,6515,3294,9809
313190 Itabirito,35245,2656,37901
313200 Itacambira,656,3902,4558
313210 Itacarambi,13304,4151,17455
313220 Itaguara,7805,3497,11302
313230 Itaipé,4079,6672,10751
313240 Itajubá,76986,7149,84135
313250 Itamarandiba,17717,11683,29400
313260 Itamarati de Minas,2804,987,3791
313270 Itambacuri,13992,8676,22668
313280 Itambé do Mato Dentro,756,1826,2582
313290 Itamogi,7420,3303,10723
313300 Itamonte,6685,5512,12197
313310 Itanhandu,10516,2399,12915
313320 Itanhomi,7373,4199,11572
313330 Itaobim,16076,5195,21271
313340 Itapagipe,7008,4824,11832
313350 Itapecerica,16220,5015,21235
313360 Itapeva,3781,3580,7361
313370 Itatiaiuçu,5039,3478,8517
313375 Itaú de Minas,13313,378,13691
313380 Itaúna,71770,5092,76862
313390 Itaverava,2418,3970,6388
313400 Itinga,5738,8156,13894
313410 Itueta,2495,3146,5641
313420 Ituiutaba,83853,5238,89091
313430 Itumirim,4701,1690,6391
313440 Iturama,26829,1985,28814
313450 Itutinga,2719,1421,4140
313460 Jaboticatubas,7116,6414,13530
313470 Jacinto,8698,3389,12087
313480 Jacuí,3965,3424,7389
313490 Jacutinga,14316,4688,19004
313500 Jaguaraçu,2040,815,2855
313505 Jaíba,13148,14139,27287
313507 Jampruca,3154,1562,4716
313510 Janaúba,53891,7760,61651
313520 Januária,35923,27682,63605
313530 Japaraíba,1930,1543,3473
313535 Japonvar,2577,5544,8121
313540 Jeceaba,2831,3278,6109
313545 Jenipapo de Minas,2022,4468,6490
313550 Jequeri,6450,7208,13658
313560 Jequitaí,5981,2769,8750
313570 Jequitibá,1635,3536,5171
313580 Jequitinhonha,16079,6823,22902
313590 Jesuânia,2848,1975,4823
313600 Joaíma,10259,4296,14555
313610 Joanésia,2065,4552,6617
313620 João Monlevade,66372,318,66690
313630 João Pinheiro,32424,8944,41368
313640 Joaquim Felício,2324,1548,3872
313650 Jordânia,7058,2807,9865
313652 José Gonçalves de Minas,783,3913,4696
313655 José Raydan,848,2799,3647
313657 Josenópolis,2020,2233,4253
313665 Juatuba,15929,460,16389
313670 Juiz de Fora,453002,3794,456796
313680 Juramento,1873,2028,3901
313690 Juruaia,3236,4444,7680
313695 Juvenília,4213,2935,7148
313700 Ladainha,3983,11849,15832
313710 Lagamar,4811,2899,7710
313720 Lagoa da Prata,37911,847,38758
313730 Lagoa dos Patos,2902,1552,4454
313740 Lagoa Dourada,6054,5432,11486
313750 Lagoa Formosa,10848,5445,16293
313753 Lagoa Grande,5480,2130,7610
313760 Lagoa Santa,35396,2476,37872
313770 Lajinha,11218,8310,19528
313780 Lambari,13701,4548,18249
313790 Lamim,1362,2225,3587
313800 Laranjal,4212,1914,6126
313810 Lassance,3275,3279,6554
313820 Lavras,74296,4476,78772
313830 Leandro Ferreira,1938,1289,3227
313835 Leme do Prado,1541,3195,4736
313840 Leopoldina,43493,6604,50097
313850 Liberdade,3894,1898,5792
313860 Lima Duarte,11309,4399,15708
313862 Limeira do Oeste,3681,2489,6170
313865 Lontra,4954,2686,7640
313867 Luisburgo,1339,4958,6297
313868 Luislândia,2208,3913,6121
313870 Luminárias,3734,1748,5482
313880 Luz,14550,2283,16833
313890 Machacalis,5891,1026,6917
313900 Machado,26941,7936,34877
313910 Madre de Deus de Minas,3438,1296,4734
313920 Malacacheta,10926,8324,19250
313925 Mamonas,1785,4353,6138
313930 Manga,13972,7987,21959
313940 Manhuaçu,52106,15017,67123
313950 Manhumirim,15723,4302,20025
313960 Mantena,19311,7561,26872
313980 Mar de Espanha,9123,1444,10567
313970 Maravilhas,4102,2130,6232
313990 Maria da Fé,7812,6795,14607
314000 Mariana,38679,8031,46710
314010 Marilac,3455,969,4424
314015 Mário Campos,7952,2583,10535
314020 Maripá de Minas,1871,723,2594
314030 Marliéria,885,3159,4044
314040 Marmelópolis,1461,1832,3293
314050 Martinho Campos,9300,2517,11817
314053 Martins Soares,2329,3356,5685
314055 Mata Verde,5689,1396,7085
314060 Materlândia,1852,2994,4846
314070 Mateus Leme,20394,3750,24144
317150 Mathias Lobato,3283,359,3642
314080 Matias Barbosa,11583,740,12323
314085 Matias Cardoso,3743,4857,8600
314090 Matipó,11679,4612,16291
314100 Mato Verde,9349,3836,13185
314110 Matozinhos,27664,2500,30164
314120 Matutina,2759,1079,3838
314130 Medeiros,1568,1470,3038
314140 Medina,14493,7148,21641
314150 Mendes Pimentel,2972,3314,6286
314160 Mercês,6155,3906,10061
314170 Mesquita,3507,3264,6771
314180 Minas Novas,7730,22916,30646
314190 Minduri,3305,529,3834
314200 Mirabela,9476,3076,12552
314210 Miradouro,4919,4851,9770
314220 Miraí,9442,3037,12479
314225 Miravânia,687,3500,4187
314230 Moeda,1569,2900,4469
314240 Moema,5819,694,6513
314250 Monjolos,1416,1163,2579
314260 Monsenhor Paulo,5368,2247,7615
314270 Montalvânia,8473,7558,16031
314280 Monte Alegre de Minas,12673,5333,18006
314290 Monte Azul,11478,12354,23832
314300 Monte Belo,8117,5025,13142
314310 Monte Carmelo,38231,5668,43899
314315 Monte Formoso,1379,3032,4411
314320 Monte Santo de Minas,15597,5615,21212
314340 Monte Sião,12729,5466,18195
314330 Montes Claros,289183,17764,306947
314345 Montezuma,2308,4265,6573
314350 Morada Nova de Minas,5708,1898,7606
314360 Morro da Garça,1623,1337,2960
314370 Morro do Pilar,2565,1170,3735
314380 Munhoz,3524,3132,6656
314390 Muriaé,83923,8178,92101
314400 Mutum,11914,14779,26693
314410 Muzambinho,14363,6226,20589
314420 Nacip Raydan,1995,1127,3122
314430 Nanuque,37781,3838,41619
314435 Naque,5237,364,5601
314437 Natalândia,2360,933,3293
314440 Natércia,2814,1830,4644
314450 Nazareno,5720,1520,7240
314460 Nepomuceno,18116,6706,24822
314465 Ninheira,1942,7414,9356
314467 Nova Belém,914,3581,4495
314470 Nova Era,15325,2429,17754
314480 Nova Lima,63035,1352,64387
314490 Nova Módica,2160,1940,4100
314500 Nova Ponte,7541,1951,9492
314505 Nova Porteirinha,4182,3207,7389
314510 Nova Resende,7118,6769,13887
314520 Nova Serrana,35321,2126,37447
313660 Nova União,1429,3998,5427
314530 Novo Cruzeiro,8378,22075,30453
314535 Novo Oriente de Minas,3836,6138,9974
314537 Novorizonte,1242,3368,4610
314540 Olaria,844,1460,2304
314545 Olhos-d'Água,1890,2394,4284
314550 Olímpio Noronha,1693,554,2247
314560 Oliveira,32213,5037,37250
314570 Oliveira Fortes,1070,1075,2145
314580 Onça de Pitangui,922,2063,2985
314585 Oratórios,2729,1630,4359
314587 Orizânia,1705,4752,6457
314590 Ouro Branco,26303,4080,30383
314600 Ouro Fino,20434,8982,29416
314610 Ouro Preto,56292,9985,66277
314620 Ouro Verde de Minas,3475,2748,6223
314625 Padre Carvalho,2970,2257,5227
314630 Padre Paraíso,10687,6788,17475
314655 Pai Pedro,1592,4240,5832
314640 Paineiras,3420,1475,4895
314650 Pains,5629,2169,7798
314660 Paiva,1136,486,1622
314670 Palma,4865,1696,6561
314675 Palmópolis,4470,4416,8886
314690 Papagaios,10207,2265,12472
314710 Pará de Minas,67993,5014,73007
314700 Paracatu,63014,12202,75216
314720 Paraguaçu,14554,4388,18942
314730 Paraisópolis,12990,4508,17498
314740 Paraopeba,17283,3100,20383
314760 Passa Quatro,11320,3535,14855
314770 Passa Tempo,6131,2349,8480
314780 Passa-Vinte,1283,881,2164
314750 Passabém,652,1294,1946
314790 Passos,89911,7300,97211
314795 Patis,2034,3130,5164
314800 Patos de Minas,111333,12548,123881
314810 Patrocínio,63000,10130,73130
314820 Patrocínio do Muriaé,3402,1459,4861
314830 Paula Cândido,3886,5151,9037
314840 Paulistas,2027,3086,5113
314850 Pavão,5177,3735,8912
314860 Peçanha,7934,9249,17183
314870 Pedra Azul,20090,3518,23608
314875 Pedra Bonita,1303,4934,6237
314880 Pedra do Anta,2079,1846,3925
314890 Pedra do Indaiá,1818,1996,3814
314900 Pedra Dourada,1121,701,1822
314910 Pedralva,5318,6691,12009
314915 Pedras de Maria da Cruz,4983,3888,8871
314920 Pedrinópolis,2863,498,3361
314930 Pedro Leopoldo,43479,10478,53957
314940 Pedro Teixeira,766,1021,1787
314950 Pequeri,2627,389,3016
314960 Pequi,2556,1161,3717
314970 Perdigão,4425,1282,5707
314980 Perdizes,7147,5217,12364
314990 Perdões,15749,2987,18736
314995 Periquito,5444,2001,7445
315000 Pescador,2992,1045,4037
315010 Piau,1672,1336,3008
315015 Piedade de Caratinga,2894,2453,5347
315020 Piedade de Ponte Nova,2679,1350,4029
315030 Piedade do Rio Grande,2839,2224,5063
315040 Piedade dos Gerais,1584,2690,4274
315050 Pimenta,6134,1690,7824
315053 Pingo-d'Água,3470,350,3820
315057 Pintópolis,2204,4745,6949
315060 Piracema,2764,3745,6509
315070 Pirajuba,2155,586,2741
315080 Piranga,5079,11931,17010
315090 Piranguçu,1692,3282,4974
315100 Piranguinho,4607,2792,7399
315110 Pirapetinga,8413,1621,10034
315120 Pirapora,49377,923,50300
315130 Piraúba,8502,2638,11140
315140 Pitangui,18629,3640,22269
315150 Piumhi,25225,3558,28783
315160 Planura,7873,424,8297
315170 Poço Fundo,8414,6734,15148
315180 Poços de Caldas,130826,4801,135627
315190 Pocrane,5147,4704,9851
315200 Pompéu,22286,3803,26089
315210 Ponte Nova,48997,6306,55303
315213 Ponto Chique,2120,1531,3651
315217 Ponto dos Volantes,3060,7469,10529
315220 Porteirinha,18140,19750,37890
315230 Porto Firme,3897,5577,9474
315240 Poté,8201,6579,14780
315250 Pouso Alegre,97756,9020,106776
315260 Pouso Alto,3451,3218,6669
315270 Prados,4988,2715,7703
315280 Prata,17123,6453,23576
315290 Pratápolis,7658,1559,9217
315300 Pratinha,1638,1245,2883
315310 Presidente Bernardes,1365,4482,5847
315320 Presidente Juscelino,1736,2583,4319
315330 Presidente Kubitschek,1737,1214,2951
315340 Presidente Olegário,11099,6682,17781
315360 Prudente de Morais,7864,368,8232
315370 Quartel Geral,2374,648,3022
315380 Queluzito,673,1118,1791
315390 Raposos,13455,834,14289
315400 Raul Soares,14299,9988,24287
315410 Recreio,9057,1131,10188
315415 Reduto,2930,2993,5923
315420 Resende Costa,7629,2707,10336
315430 Resplendor,13267,3708,16975
315440 Ressaquinha,2503,2054,4557
315445 Riachinho,3899,4074,7973
315450 Riacho dos Machados,3084,6274,9358
315460 Ribeirão das Neves,245401,1445,246846
315470 Ribeirão Vermelho,3312,309,3621
315480 Rio Acima,6576,1082,7658
315490 Rio Casca,11477,3783,15260
315510 Rio do Prado,2892,2498,5390
315500 Rio Doce,1372,946,2318
315520 Rio Espera,2238,4704,6942
315530 Rio Manso,2862,1784,4646
315540 Rio Novo,7264,1286,8550
315550 Rio Paranaíba,6196,5332,11528
315560 Rio Pardo de Minas,10495,16742,27237
315570 Rio Piracicaba,10898,3240,14138
315580 Rio Pomba,13290,3069,16359
315590 Rio Preto,3864,1278,5142
315600 Rio Vermelho,5045,9860,14905
315610 Ritápolis,3502,1921,5423
315620 Rochedo de Minas,1703,204,1907
315630 Rodeiro,4309,1066,5375
315640 Romaria,2662,1075,3737
315645 Rosário da Limeira,1649,2220,3869
315650 Rubelita,2521,7678,10199
315660 Rubim,7534,2132,9666
315670 Sabará,112694,2658,115352
315680 Sabinópolis,9688,6581,16269
315690 Sacramento,15890,5444,21334
315700 Salinas,26278,10442,36720
315710 Salto da Divisa,5571,1208,6779
315720 Santa Bárbara,21294,2886,24180
315725 Santa Bárbara do Leste,2946,4262,7208
315727 Santa Bárbara do Monte Verde,1242,1124,2366
315730 Santa Bárbara do Tugúrio,1801,3026,4827
315733 Santa Cruz de Minas,7041,1,7042
315737 Santa Cruz de Salinas,911,3890,4801
315740 Santa Cruz do Escalvado,1643,3735,5378
315750 Santa Efigênia de Minas,2486,2438,4924
315760 Santa Fé de Minas,1967,2225,4192
315765 Santa Helena de Minas,2762,2991,5753
315770 Santa Juliana,6633,1445,8078
315780 Santa Luzia,184208,695,184903
315790 Santa Margarida,6314,7399,13713
315800 Santa Maria de Itabira,6025,4321,10346
315810 Santa Maria do Salto,3693,1745,5438
315820 Santa Maria do Suaçuí,9907,4443,14350
315920 Santa Rita de Caldas,5489,3789,9278
315940 Santa Rita de Ibitipoca,2149,1698,3847
315930 Santa Rita de Jacutinga,3602,1616,5218
315935 Santa Rita de Minas,3988,1807,5795
315950 Santa Rita do Itueto,1790,4271,6061
315960 Santa Rita do Sapucaí,25519,5745,31264
315970 Santa Rosa da Serra,1870,1244,3114
315980 Santa Vitória,12544,3821,16365
315830 Santana da Vargem,4697,2824,7521
315840 Santana de Cataguases,2613,747,3360
315850 Santana de Pirapama,2894,5722,8616
315860 Santana do Deserto,1225,2549,3774
315870 Santana do Garambéu,1253,729,1982
315880 Santana do Jacaré,4163,245,4408
315890 Santana do Manhuaçu,4196,4411,8607
315895 Santana do Paraíso,17197,958,18155
315900 Santana do Riacho,1728,2011,3739
315910 Santana dos Montes,2011,1933,3944
315990 Santo Antônio do Amparo,14052,2057,16109
316000 Santo Antônio do Aventureiro,2037,1477,3514
316010 Santo Antônio do Grama,3238,1139,4377
316020 Santo Antônio do Itambé,1171,3417,4588
316030 Santo Antônio do Jacinto,6104,6040,12144
316040 Santo Antônio do Monte,19042,4431,23473
316045 Santo Antônio do Retiro,1257,5398,6655
316050 Santo Antônio do Rio Abaixo,750,1073,1823
316060 Santo Hipólito,2127,1361,3488
316070 Santos Dumont,40402,6387,46789
316080 São Bento Abade,3452,285,3737
316090 São Brás do Suaçuí,2718,564,3282
316095 São Domingos das Dores,2232,2960,5192
316100 São Domingos do Prata,9122,8520,17642
316105 São Félix de Minas,1492,1962,3454
316110 São Francisco,27835,23662,51497
316120 São Francisco de Paula,4152,2381,6533
316130 São Francisco de Sales,3431,1843,5274
316140 São Francisco do Glória,3101,2595,5696
316150 São Geraldo,5344,2372,7716
316160 São Geraldo da Piedade,1126,3889,5015
316165 São Geraldo do Baixio,1522,1342,2864
316170 São Gonçalo do Abaeté,3895,1537,5432
316180 São Gonçalo do Pará,6213,1756,7969
316190 São Gonçalo do Rio Abaixo,3759,4703,8462
312550 São Gonçalo do Rio Preto,1724,1239,2963
316200 São Gonçalo do Sapucaí,18132,4176,22308
316210 São Gotardo,25523,2108,27631
316220 São João Batista do Glória,4819,1452,6271
316225 São João da Lagoa,1928,2472,4400
316230 São João da Mata,1610,1142,2752
316240 São João da Ponte,7862,18166,26028
316245 São João das Missões,2089,8141,10230
316250 São João del Rei,73785,4831,78616
316255 São João do Manhuaçu,3681,5035,8716
316257 São João do Manteninha,2040,2366,4406
316260 São João do Oriente,6503,1989,8492
316265 São João do Pacuí,1525,2139,3664
316270 São João do Paraíso,8231,12779,21010
316280 São João Evangelista,9282,6244,15526
316290 São João Nepomuceno,22332,1454,23786
316292 São Joaquim de Bicas,13716,4436,18152
316294 São José da Barra,4319,1734,6053
316295 São José da Lapa,8904,6096,15000
316300 São José da Safira,2692,1202,3894
316310 São José da Varginha,1541,1684,3225
316320 São José do Alegre,2556,1246,3802
316330 São José do Divino,2456,1407,3863
316340 São José do Goiabal,3449,2560,6009
316350 São José do Jacuri,1714,5075,6789
316360 São José do Mantimento,1285,1094,2379
316370 São Lourenço,36927,-,36927
316380 São Miguel do Anta,3331,3310,6641
316390 São Pedro da União,2740,2878,5618
316410 São Pedro do Suaçuí,2215,3866,6081
316400 São Pedro dos Ferros,7036,2203,9239
316420 São Romão,5169,2614,7783
316430 São Roque de Minas,3728,2597,6325
316440 São Sebastião da Bela Vista,2364,1947,4311
316443 São Sebastião da Vargem Alegre,1223,1350,2573
316447 São Sebastião do Anta,2887,1892,4779
316450 São Sebastião do Maranhão,3098,8506,11604
316460 São Sebastião do Oeste,1624,3024,4648
316470 São Sebastião do Paraíso,51962,6373,58335
316480 São Sebastião do Rio Preto,590,1189,1779
316490 São Sebastião do Rio Verde,1022,954,1976
316520 São Thomé das Letras,3212,2992,6204
316500 São Tiago,7463,2782,10245
316510 São Tomás de Aquino,5368,1935,7303
316530 São Vicente de Minas,5453,710,6163
316540 Sapucaí-Mirim,2654,2801,5455
316550 Sardoá,1569,3206,4775
316553 Sarzedo,14738,2536,17274
316556 Sem-Peixe,1167,2003,3170
316557 Senador Amaral,2980,2148,5128
316560 Senador Cortes,1091,909,2000
316570 Senador Firmino,3998,2600,6598
316580 Senador José Bento,854,1517,2371
316590 Senador Modestino Gonçalves,1454,3736,5190
316600 Senhora de Oliveira,2722,2921,5643
316610 Senhora do Porto,1317,2203,3520
316620 Senhora dos Remédios,2850,7174,10024
316630 Sericita,3019,3971,6990
316640 Seritinga,1339,399,1738
316650 Serra Azul de Minas,1661,2536,4197
316660 Serra da Saudade,533,340,873
316680 Serra do Salitre,6604,2786,9390
316670 Serra dos Aimorés,6498,1684,8182
316690 Serrania,6226,1278,7504
316695 Serranópolis de Minas,1567,2471,4038
316700 Serranos,1595,476,2071
316710 Serro,11791,9221,21012
316720 Sete Lagoas,180785,4086,184871
316555 Setubinha,1432,7859,9291
316730 Silveirânia,1021,1117,2138
316740 Silvianópolis,3046,2809,5855
316750 Simão Pereira,1334,1145,2479
316760 Simonésia,6484,10391,16875
316770 Sobrália,3900,2384,6284
316780 Soledade de Minas,3312,1843,5155
316790 Tabuleiro,2595,1977,4572
316800 Taiobeiras,21795,5552,27347
316805 Taparuba,1355,1870,3225
316810 Tapira,2216,1111,3327
316820 Tapiraí,1133,767,1900
316830 Taquaraçu de Minas,1378,2113,3491
316840 Tarumirim,6005,8483,14488
316850 Teixeiras,6949,4200,11149
316860 Teófilo Otoni,102812,26612,129424
316870 Timóteo,71310,168,71478
316880 Tiradentes,4167,1592,5759
316890 Tiros,4829,2742,7571
316900 Tocantins,11347,3658,15005
316905 Tocos do Moji,818,3003,3821
316910 Toledo,1952,3270,5222
316920 Tombos,8317,3335,11652
316930 Três Corações,58419,6872,65291
316935 Três Marias,22515,1053,23568
316940 Três Pontas,40670,10354,51024
316950 Tumiritinga,3875,1956,5831
316960 Tupaciguara,20621,2496,23117
316970 Turmalina,10158,5497,15655
316980 Turvolândia,2156,2087,4243
316990 Ubá,76687,8378,85065
317000 Ubaí,4621,6153,10774
317005 Ubaporanga,5578,6104,11682
317010 Uberaba,244171,7880,252051
317020 Uberlândia,488982,12232,501214
317030 Umburatiba,1603,1269,2872
317040 Unaí,55549,14484,70033
317043 União de Minas,2272,2366,4638
317047 Uruana de Minas,1751,1512,3263
317050 Urucânia,7069,3306,10375
317052 Urucuia,4319,5296,9615
317057 Vargem Alegre,4824,1720,6544
317060 Vargem Bonita,1180,1032,2212
317065 Vargem Grande do Rio Pardo,1977,2480,4457
317070 Varginha,104165,4833,108998
317075 Varjão de Minas,3489,1212,4701
317080 Várzea da Palma,27632,4009,31641
317090 Varzelândia,8531,10638,19169
317100 Vazante,14928,4000,18928
317103 Verdelândia,3687,3492,7179
317107 Veredinha,3120,2137,5257
317110 Veríssimo,1475,1399,2874
317115 Vermelho Novo,1534,3038,4572
317120 Vespasiano,75213,1209,76422
317130 Viçosa,59792,5062,64854
317140 Vieiras,1785,2167,3952
317160 Virgem da Lapa,5883,7789,13672
317170 Virgínia,3371,5328,8699
317180 Virginópolis,5634,5193,10827
317190 Virgolândia,3180,2932,6112
317200 Visconde do Rio Branco,25889,6709,32598
317210 Volta Grande,3477,1442,4919
317220 Wenceslau Braz,1186,1410,2596
320010 Afonso Cláudio,14463,17769,32232
320016 Água Doce do Norte,6113,6638,12751
320013 Águia Branca,2341,7258,9599
320020 Alegre,19741,11973,31714
320030 Alfredo Chaves,5614,8002,13616
320035 Alto Rio Novo,3568,3396,6964
320040 Anchieta,13211,5965,19176
320050 Apiacá,4886,2729,7615
320060 Aracruz,54458,10179,64637
320070 Atilio Vivacqua,4055,4272,8327
320080 Baixo Guandu,19676,8143,27819
320090 Barra de São Francisco,20656,16941,37597
320100 Boa Esperança,9169,4510,13679
320110 Bom Jesus do Norte,8332,894,9226
320115 Brejetuba,1753,9934,11687
320120 Cachoeiro de Itapemirim,155401,19478,174879
320130 Cariacica,312980,11305,324285
320140 Castelo,17549,15207,32756
320150 Colatina,91298,21413,112711
320160 Conceição da Barra,19319,7175,26494
320170 Conceição do Castelo,4368,6542,10910
320180 Divino de São Lourenço,1612,3205,4817
320190 Domingos Martins,5820,24739,30559
320200 Dores do Rio Preto,3185,3003,6188
320210 Ecoporanga,12894,11085,23979
320220 Fundão,10801,2208,13009
320230 Guaçuí,19192,6300,25492
320240 Guarapari,82589,5811,88400
320245 Ibatiba,10596,8614,19210
320250 Ibiraçu,7404,2739,10143
320255 Ibitirama,2610,6601,9211
320260 Iconha,4793,6688,11481
320265 Irupi,3537,6817,10354
320270 Itaguaçu,7037,7458,14495
320280 Itapemirim,16133,11988,28121
320290 Itarana,3476,7949,11425
320300 Iúna,13875,12237,26112
320305 Jaguaré,10699,8840,19539
320310 Jerônimo Monteiro,6730,3459,10189
320313 João Neiva,10485,4816,15301
320316 Laranja da Terra,2853,8081,10934
320320 Linhares,92917,19700,112617
320330 Mantenópolis,7369,4832,12201
320332 Marataízes,23757,6846,30603
320334 Marechal Floriano,5270,6918,12188
320335 Marilândia,3981,5943,9924
320340 Mimoso do Sul,13283,12916,26199
320350 Montanha,12932,4331,17263
320360 Mucurici,3170,2730,5900
320370 Muniz Freire,7211,12478,19689
320380 Muqui,8642,5028,13670
320390 Nova Venécia,27390,15625,43015
320400 Pancas,8842,11560,20402
320405 Pedro Canário,20192,1769,21961
320410 Pinheiros,13970,7350,21320
320420 Piúma,14101,886,14987
320425 Ponto Belo,4867,1396,6263
320430 Presidente Kennedy,2530,7025,9555
320435 Rio Bananal,4347,11977,16324
320440 Rio Novo do Sul,5780,5491,11271
320450 Santa Leopoldina,2466,9997,12463
320455 Santa Maria de Jetibá,5102,23672,28774
320460 Santa Teresa,9714,10908,20622
320465 São Domingos do Norte,2734,4813,7547
320470 São Gabriel da Palha,18365,8223,26588
320480 São José do Calçado,6959,3522,10481
320490 São Mateus,69004,21456,90460
320495 São Roque do Canaã,4446,5949,10395
320500 Serra,319621,1560,321181
320501 Sooretama,11419,6850,18269
320503 Vargem Alta,4922,12454,17376
320506 Venda Nova do Imigrante,9912,6253,16165
320510 Viana,49597,3855,53452
320515 Vila Pavão,1943,6387,8330
320517 Vila Valério,4093,9782,13875
320520 Vila Velha,344625,1340,345965
320530 Vitória,292304,-,292304
330010 Angra dos Reis,114300,4947,119247
330015 Aperibé,6842,1176,8018
330020 Araruama,75088,7715,82803
330022 Areal,8954,945,9899
330023 Armação dos Búzios,18204,-,18204
330025 Arraial do Cabo,23877,-,23877
330030 Barra do Piraí,84816,3687,88503
330040 Barra Mansa,165134,5619,170753
330045 Belford Roxo,434474,-,434474
330050 Bom Jardim,11317,11334,22651
330060 Bom Jesus do Itabapoana,27425,6230,33655
330070 Cabo Frio,106237,20591,126828
330080 Cachoeiras de Macacu,41117,7426,48543
330090 Cambuci,9946,4724,14670
330100 Campos dos Goytacazes,364177,42812,406989
330110 Cantagalo,13698,6137,19835
330093 Carapebus,6875,1791,8666
330115 Cardoso Moreira,8041,4554,12595
330120 Carmo,11056,4233,15289
330130 Casimiro de Abreu,18337,3815,22152
330095 Comendador Levy Gasparian,7310,614,7924
330140 Conceição de Macabu,16542,2240,18782
330150 Cordeiro,17756,845,18601
330160 Duas Barras,6023,4311,10334
330170 Duque de Caxias,772327,3129,775456
330180 Engenheiro Paulo de Frontin,8766,3398,12164
330185 Guapimirim,25593,12359,37952
330187 Iguaba Grande,15089,-,15089
330190 Itaboraí,177260,10219,187479
330200 Itaguaí,78208,3795,82003
330205 Italva,8841,3780,12621
330210 Itaocara,15928,7075,23003
330220 Itaperuna,77378,9342,86720
330225 Itatiaia,11728,13011,24739
330227 Japeri,83278,-,83278
330230 Laje do Muriaé,5624,2285,7909
330240 Macaé,126007,6454,132461
330245 Macuco,3925,961,4886
330250 Magé,193851,11979,205830
330260 Mangaratiba,19860,5041,24901
330270 Maricá,63399,13338,76737
330280 Mendes,17123,166,17289
330290 Miguel Pereira,20081,3821,23902
330300 Miracema,24044,3020,27064
330310 Natividade,11741,3384,15125
330320 Nilópolis,153712,-,153712
330330 Niterói,459451,-,459451
330340 Nova Friburgo,151851,21567,173418
330350 Nova Iguaçu,920599,-,920599
330360 Paracambi,36868,3607,40475
330370 Paraíba do Sul,32688,4722,37410
330380 Paraty,14066,15478,29544
330385 Paty do Alferes,16756,8175,24931
330390 Petrópolis,270671,15866,286537
330395 Pinheiral,17672,1809,19481
330400 Piraí,18070,4048,22118
330410 Porciúncula,12018,3934,15952
330411 Porto Real,11388,707,12095
330412 Quatis,9412,1318,10730
330414 Queimados,121993,-,121993
330415 Quissamã,7699,5975,13674
330420 Resende,95963,8586,104549
330430 Rio Bonito,32450,17241,49691
330440 Rio Claro,11616,4612,16228
330450 Rio das Flores,5364,2261,7625
330452 Rio das Ostras,34552,1867,36419
330455 Rio de Janeiro,5857904,-,5857904
330460 Santa Maria Madalena,5530,4946,10476
330470 Santo Antônio de Pádua,29415,9277,38692
330480 São Fidélis,26513,10276,36789
330475 São Francisco de Itabapoana,19228,21917,41145
330490 São Gonçalo,891119,-,891119
330500 São João da Barra,19631,8051,27682
330510 São João de Meriti,449476,-,449476
330513 São José de Ubá,2326,4087,6413
330515 São José do Vale do Rio Preto,9007,10271,19278
330520 São Pedro da Aldeia,52141,11086,63227
330530 São Sebastião do Alto,3677,4725,8402
330540 Sapucaia,12161,4996,17157
330550 Saquarema,50422,2039,52461
330555 Seropédica,51897,13363,65260
330560 Silva Jardim,14215,7050,21265
330570 Sumidouro,2334,11842,14176
330575 Tanguá,22448,3609,26057
330580 Teresópolis,115198,22883,138081
330590 Trajano de Moraes,3684,6354,10038
330600 Três Rios,67347,4629,71976
330610 Valença,57323,8985,66308
330615 Varre-Sai,4132,3722,7854
330620 Vassouras,19886,11565,31451
330630 Volta Redonda,241996,67,242063
350010 Adamantina,30368,3129,33497
350020 Adolfo,3071,613,3684
350030 Aguaí,24708,3487,28195
350040 Águas da Prata,6075,1056,7131
350050 Águas de Lindóia,15463,727,16190
350055 Águas de Santa Bárbara,3878,1346,5224
350060 Águas de São Pedro,1883,-,1883
350070 Agudos,30692,1792,32484
350075 Alambari,2444,1206,3650
350080 Alfredo Marcondes,2672,1025,3697
350090 Altair,2550,980,3530
350100 Altinópolis,12547,2934,15481
350110 Alto Alegre,3017,1244,4261
350115 Alumínio,13727,1525,15252
350120 Álvares Florence,2654,1662,4316
350130 Álvares Machado,20096,2565,22661
350140 Álvaro de Carvalho,2437,1672,4109
350150 Alvinlândia,2431,406,2837
350160 Americana,182159,434,182593
350170 Américo Brasiliense,27641,646,28287
350180 Américo de Campos,4388,1206,5594
350190 Amparo,43357,17047,60404
350200 Analândia,2650,932,3582
350210 Andradina,50836,4325,55161
350220 Angatuba,13240,6057,19297
350230 Anhembi,3265,1270,4535
350240 Anhumas,2507,904,3411
350250 Aparecida,34382,522,34904
350260 Aparecida d'Oeste,3665,1270,4935
350270 Apiaí,16648,10514,27162
350275 Araçariguama,7240,3914,11154
350280 Araçatuba,164449,4805,169254
350290 Araçoiaba da Serra,13679,6137,19816
350300 Aramina,4145,618,4763
350310 Arandu,4022,2043,6065
350315 Arapeí,1899,719,2618
350320 Araraquara,173569,8902,182471
350330 Araras,97860,6336,104196
350335 Arco-Íris,1068,1095,2163
350340 Arealva,5245,1999,7244
350350 Areias,2452,1148,3600
350360 Areiópolis,8560,1736,10296
350370 Ariranha,6884,593,7477
350380 Artur Nogueira,30464,2660,33124
350390 Arujá,56630,2555,59185
350395 Aspásia,1175,686,1861
350400 Assis,83388,3863,87251
350410 Atibaia,96874,14426,111300
350420 Auriflama,11888,1625,13513
350430 Avaí,3196,1400,4596
350440 Avanhandava,8100,729,8829
350450 Avaré,72387,4085,76472
350460 Bady Bassitt,10274,1276,11550
350470 Balbinos,1062,251,1313
350480 Bálsamo,6338,1002,7340
350490 Bananal,7187,2526,9713
350500 Barão de Antonina,1648,1146,2794
350510 Barbosa,4875,962,5837
350520 Bariri,26050,2174,28224
350530 Barra Bonita,34537,950,35487
350535 Barra do Chapéu,1448,3398,4846
350540 Barra do Turvo,2880,5228,8108
350550 Barretos,98860,5053,103913
350560 Barrinha,23944,263,24207
350570 Barueri,208281,-,208281
350580 Bastos,17040,3548,20588
350590 Batatais,48285,2827,51112
350600 Bauru,310442,5622,316064
350610 Bebedouro,69964,4851,74815
350620 Bento de Abreu,1948,446,2394
350630 Bernardino de Campos,9326,1394,10720
350635 Bertioga,29178,861,30039
350640 Bilac,5372,716,6088
350650 Birigui,91018,3282,94300
350660 Biritiba-Mirim,20778,3875,24653
350670 Boa Esperança do Sul,10753,1820,12573
350680 Bocaina,8546,896,9442
350690 Bofete,5231,2125,7356
350700 Boituva,32537,1831,34368
350710 Bom Jesus dos Perdões,11223,2090,13313
350715 Bom Sucesso de Itararé,1954,1277,3231
350720 Borá,623,172,795
350730 Boracéia,3283,456,3739
350740 Borborema,10850,2343,13193
350745 Borebi,1478,455,1933
350750 Botucatu,103993,4313,108306
350760 Bragança Paulista,111091,13940,125031
350770 Braúna,3416,967,4383
350775 Brejo Alegre,1781,527,2308
350780 Brodowski,16285,854,17139
350790 Brotas,16127,2759,18886
350800 Buri,13656,3973,17629
350810 Buritama,12635,1219,13854
350820 Buritizal,2903,771,3674
350830 Cabrália Paulista,3992,664,4656
350840 Cabreúva,25760,7340,33100
350850 Caçapava,66741,9389,76130
350860 Cachoeira Paulista,21671,5534,27205
350870 Caconde,11817,6561,18378
350880 Cafelândia,13056,2737,15793
350890 Caiabu,3115,962,4077
350900 Caieiras,68481,2740,71221
350910 Caiuá,1769,2423,4192
350920 Cajamar,48084,2677,50761
350925 Cajati,20996,8231,29227
350930 Cajobi,8356,818,9174
350940 Cajuru,18401,2376,20777
350945 Campina do Monte Alegre,4180,1029,5209
350950 Campinas,953218,16178,969396
350960 Campo Limpo Paulista,62260,1464,63724
350970 Campos do Jordão,43809,443,44252
350980 Campos Novos Paulista,2988,1193,4181
350990 Cananéia,10204,2094,12298
350995 Canas,3041,573,3614
351000 Cândido Mota,26549,2731,29280
351010 Cândido Rodrigues,1946,667,2613
351015 Canitar,2678,803,3481
351020 Capão Bonito,36587,10145,46732
351030 Capela do Alto,11111,3136,14247
351040 Capivari,33484,7984,41468
351050 Caraguatatuba,75251,3670,78921
351060 Carapicuíba,344596,-,344596
351070 Cardoso,10356,1249,11605
351080 Casa Branca,21629,5171,26800
351090 Cássia dos Coqueiros,1665,1206,2871
351100 Castilho,11959,2989,14948
351110 Catanduva,104268,1579,105847
351120 Catiguá,5914,641,6555
351130 Cedral,4980,1720,6700
351140 Cerqueira César,13057,2087,15144
351150 Cerquilho,27996,1512,29508
351160 Cesário Lange,8921,3962,12883
351170 Charqueada,11719,1318,13037
355720 Chavantes,10440,1754,12194
351190 Clementina,4958,446,5404
351200 Colina,14885,1779,16664
351210 Colômbia,4120,1834,5954
351220 Conchal,20297,2379,22676
351230 Conchas,11277,3627,14904
351240 Cordeirópolis,16068,1523,17591
351250 Coroados,3308,1109,4417
351260 Coronel Macedo,4011,1578,5589
351270 Corumbataí,1718,2076,3794
351280 Cosmópolis,42546,1809,44355
351290 Cosmorama,4304,3068,7372
351300 Cotia,148987,-,148987
351310 Cravinhos,27182,1229,28411
351320 Cristais Paulista,3898,2681,6579
351330 Cruzália,1594,1016,2610
351340 Cruzeiro,71179,2313,73492
351350 Cubatão,107661,648,108309
351360 Cunha,11134,11956,23090
351370 Descalvado,24136,4785,28921
351380 Diadema,357064,-,357064
351385 Dirce Reis,1075,548,1623
351390 Divinolândia,6875,5141,12016
351400 Dobrada,6505,502,7007
351410 Dois Córregos,20232,2290,22522
351420 Dolcinópolis,1810,342,2152
351430 Dourado,7839,767,8606
351440 Dracena,37153,3347,40500
351450 Duartina,10783,1692,12475
351460 Dumont,5870,437,6307
351470 Echaporã,5186,1641,6827
351480 Eldorado,6974,7160,14134
351490 Elias Fausto,10269,3619,13888
351492 Elisiário,2190,387,2577
351495 Embaúba,1979,499,2478
351500 Embu das Artes,207663,-,207663
351510 Embu-Guaçu,55839,1077,56916
351512 Emilianópolis,2191,702,2893
351515 Engenheiro Coelho,7009,3024,10033
351518 Espírito Santo do Pinhal,34753,5727,40480
351519 Espírito Santo do Turvo,3241,436,3677
355730 Estiva Gerbi,7642,1214,8856
351520 Estrela d'Oeste,6383,1873,8256
351530 Estrela do Norte,1786,839,2625
351535 Euclides da Cunha Paulista,6431,3783,10214
351540 Fartura,11379,3631,15010
351560 Fernando Prestes,4113,1321,5434
351550 Fernandópolis,59143,2504,61647
351565 Fernão,677,755,1432
351570 Ferraz de Vasconcelos,141208,1169,142377
351580 Flora Rica,1568,609,2177
351590 Floreal,2469,754,3223
351600 Flórida Paulista,8982,2124,11106
351610 Florínia,2637,490,3127
351620 Franca,282203,5534,287737
351630 Francisco Morato,133575,163,133738
351640 Franco da Rocha,100395,7727,108122
351650 Gabriel Monteiro,2053,673,2726
351660 Gália,5589,2264,7853
351670 Garça,36386,6776,43162
351680 Gastão Vidigal,2936,650,3586
351685 Gavião Peixoto,2749,1377,4126
351690 General Salgado,8749,2075,10824
351700 Getulina,7534,2836,10370
351710 Glicério,3095,1333,4428
351720 Guaiçara,8070,1141,9211
351730 Guaimbê,4266,941,5207
351740 Guaíra,32274,2336,34610
351750 Guapiaçu,11882,2204,14086
351760 Guapiara,7539,12187,19726
351770 Guará,17959,957,18916
351780 Guaraçaí,6683,2211,8894
351790 Guaraci,7391,1455,8846
351800 Guarani d'Oeste,1734,272,2006
351810 Guarantã,4848,1475,6323
351820 Guararapes,26130,2713,28843
351830 Guararema,17710,4194,21904
351840 Guaratinguetá,99162,5057,104219
351850 Guareí,6086,4111,10197
351860 Guariba,30223,862,31085
351870 Guarujá,264733,79,264812
351880 Guarulhos,1049668,23049,1072717
351885 Guatapará,4144,2227,6371
351890 Guzolândia,3364,931,4295
351900 Herculândia,6827,1165,7992
351905 Holambra,3938,3273,7211
351907 Hortolândia,152523,-,152523
351910 Iacanga,7074,1208,8282
351920 Iacri,4795,1988,6783
351925 Iaras,1895,1159,3054
351930 Ibaté,25112,1350,26462
351940 Ibirá,8303,1144,9447
351950 Ibirarema,5093,608,5701
351960 Ibitinga,43860,2760,46620
351970 Ibiúna,21356,43028,64384
351980 Icém,5747,1025,6772
351990 Iepê,5958,1299,7257
352000 Igaraçu do Tietê,22389,225,22614
352010 Igarapava,24037,1888,25925
352020 Igaratá,5877,2415,8292
352030 Iguape,21934,5493,27427
352042 Ilha Comprida,6704,-,6704
352044 Ilha Solteira,23218,778,23996
352040 Ilhabela,20589,247,20836
352050 Indaiatuba,144740,2310,147050
352060 Indiana,4061,871,4932
352070 Indiaporã,3188,870,4058
352080 Inúbia Paulista,2764,554,3318
352090 Ipaussu,11030,1523,12553
352100 Iperó,12649,5735,18384
352110 Ipeúna,3446,894,4340
352115 Ipiguá,1944,1532,3476
352120 Iporanga,2076,2486,4562
352130 Ipuã,11193,677,11870
352140 Iracemápolis,14810,745,15555
352150 Irapuã,5429,1229,6658
352160 Irapuru,5629,1828,7457
352170 Itaberá,11100,7811,18911
352180 Itaí,16903,4136,21039
352190 Itajobi,10868,3362,14230
352200 Itaju,1644,994,2638
352210 Itanhaém,71148,847,71995
352215 Itaóca,2174,1052,3226
352220 Itapecerica da Serra,128327,1358,129685
352230 Itapetininga,112137,13422,125559
352240 Itapeva,60954,21912,82866
352250 Itapevi,162433,-,162433
352260 Itapira,58042,5335,63377
352265 Itapirapuã Paulista,1652,1925,3577
352270 Itápolis,32140,5610,37750
352280 Itaporanga,9931,4423,14354
352290 Itapuí,9588,783,10371
352300 Itapura,3332,506,3838
352310 Itaquaquecetuba,272942,-,272942
352320 Itararé,42806,3748,46554
352330 Itariri,7445,6168,13613
352340 Itatiba,65925,15272,81197
352350 Itatinga,13533,1913,15446
352360 Itirapina,11178,1658,12836
352370 Itirapuã,4312,1100,5412
352380 Itobi,6204,1262,7466
352390 Itu,123942,11424,135366
352400 Itupeva,19259,6907,26166
352410 Ituverava,34221,2047,36268
352420 Jaborandi,5857,567,6424
352430 Jaboticabal,63840,3568,67408
352440 Jacareí,183377,7914,191291
352450 Jaci,2973,1144,4117
352460 Jacupiranga,10043,6998,17041
352470 Jaguariúna,25812,3785,29597
352480 Jales,42339,3847,46186
352490 Jambeiro,1934,2058,3992
352500 Jandira,91807,-,91807
352510 Jardinópolis,28066,2663,30729
352520 Jarinu,10984,6057,17041
352530 Jaú,107198,4906,112104
352540 Jeriquara,2510,770,3280
352550 Joanópolis,10409,-,10409
352560 João Ramalho,3075,767,3842
352570 José Bonifácio,25019,3695,28714
352580 Júlio Mesquita,3850,316,4166
352585 Jumirim,1093,1103,2196
352590 Jundiaí,300207,23190,323397
352600 Junqueirópolis,13420,3585,17005
352610 Juquiá,12440,8076,20516
352620 Juquitiba,17387,9072,26459
352630 Lagoinha,2877,2080,4957
352640 Laranjal Paulista,19582,2563,22145
352650 Lavínia,4134,997,5131
352660 Lavrinhas,5307,701,6008
352670 Leme,77888,2869,80757
352680 Lençóis Paulista,52350,2692,55042
352690 Limeira,238349,10697,249046
352700 Lindóia,4716,615,5331
352710 Lins,64218,1734,65952
352720 Lorena,75097,2893,77990
352725 Lourdes,1552,455,2007
352730 Louveira,21888,2015,23903
352740 Lucélia,15698,2618,18316
352750 Lucianópolis,1649,505,2154
352760 Luís Antônio,6558,602,7160
352770 Luiziânia,3705,569,4274
352780 Lupércio,2109,2121,4230
352790 Lutécia,2144,753,2897
352800 Macatuba,14993,759,15752
352810 Macaubal,6248,1137,7385
352820 Macedônia,2682,1079,3761
352830 Magda,2728,693,3421
352840 Mairinque,34340,5635,39975
352850 Mairiporã,48077,12034,60111
352860 Manduri,6371,1900,8271
352870 Marabá Paulista,2048,1651,3699
352880 Maracaí,11420,1584,13004
352885 Marapoama,1544,694,2238
352890 Mariápolis,2803,1051,3854
352900 Marília,189719,7623,197342
352910 Marinópolis,1647,548,2195
352920 Martinópolis,17975,4371,22346
352930 Matão,69168,2585,71753
352940 Mauá,363392,-,363392
352950 Mendonça,2764,995,3759
352960 Meridiano,2657,1368,4025
352965 Mesópolis,1217,713,1930
352970 Miguelópolis,17561,1458,19019
352980 Mineiros do Tietê,10962,448,11410
353000 Mira Estrela,1941,655,2596
352990 Miracatu,10912,11471,22383
353010 Mirandópolis,22287,3649,25936
353020 Mirante do Paranapanema,9833,6380,16213
353030 Mirassol,46575,1752,48327
353040 Mirassolândia,3124,617,3741
353050 Mococa,57284,8290,65574
353060 Mogi das Cruzes,302116,28125,330241
353070 Mogi Guaçu,116184,8044,124228
353080 Mogi Mirim,73099,8368,81467
353090 Mombuca,2271,836,3107
353100 Monções,1743,312,2055
353110 Mongaguá,34942,156,35098
353120 Monte Alegre do Sul,3282,3039,6321
353130 Monte Alto,40765,2848,43613
353140 Monte Aprazível,15937,2476,18413
353150 Monte Azul Paulista,17563,1990,19553
353160 Monte Castelo,3004,1085,4089
353180 Monte Mor,34173,3167,37340
353170 Monteiro Lobato,1515,2100,3615
353190 Morro Agudo,22802,2626,25428
353200 Morungaba,7786,2125,9911
353205 Motuca,2446,1425,3871
353210 Murutinga do Sul,2594,1377,3971
353215 Nantes,1659,610,2269
353220 Narandiba,2282,1461,3743
353230 Natividade da Serra,2853,4099,6952
353240 Nazaré Paulista,5830,8580,14410
353250 Neves Paulista,7744,1163,8907
353260 Nhandeara,7879,2315,10194
353270 Nipoã,2805,462,3267
353280 Nova Aliança,3619,1149,4768
353282 Nova Campina,3878,3417,7295
353284 Nova Canaã Paulista,822,1661,2483
353286 Nova Castilho,486,505,991
353290 Nova Europa,6475,832,7307
353300 Nova Granada,15039,1981,17020
353310 Nova Guataporanga,1728,359,2087
353320 Nova Independência,1504,559,2063
353330 Nova Luzitânia,2288,461,2749
353340 Nova Odessa,41110,961,42071
353325 Novais,2669,556,3225
353350 Novo Horizonte,28917,3515,32432
353360 Nuporanga,5073,1236,6309
353370 Ocauçu,2914,1250,4164
353380 Óleo,1773,1221,2994
353390 Olímpia,42643,3370,46013
353400 Onda Verde,2319,1094,3413
353410 Oriente,5062,822,5884
353420 Orindiúva,3683,478,4161
353430 Orlândia,35208,796,36004
353440 Osasco,652593,-,652593
353450 Oscar Bressane,1927,625,2552
353460 Osvaldo Cruz,26141,3507,29648
353470 Ourinhos,89376,4492,93868
353480 Ouro Verde,6345,803,7148
353475 Ouroeste,4661,1629,6290
353490 Pacaembu,9497,3021,12518
353500 Palestina,7228,1872,9100
353510 Palmares Paulista,8106,331,8437
353520 Palmeira d'Oeste,7085,3237,10322
353530 Palmital,16792,3909,20701
353540 Panorama,12665,984,13649
353550 Paraguaçu Paulista,36625,2993,39618
353560 Paraibuna,5295,11714,17009
353570 Paraíso,4457,972,5429
353580 Paranapanema,11668,3842,15510
353590 Paranapuã,3029,603,3632
353600 Parapuã,8494,2610,11104
353610 Pardinho,2992,1740,4732
353620 Pariquera-Açu,11722,5927,17649
353625 Parisi,1507,441,1948
353630 Patrocínio Paulista,8606,2810,11416
353640 Paulicéia,3934,1368,5302
353650 Paulínia,50762,564,51326
353657 Paulistânia,999,780,1779
353660 Paulo de Faria,7443,1029,8472
353670 Pederneiras,34092,2522,36614
353680 Pedra Bela,1205,4404,5609
353690 Pedranópolis,1652,1082,2734
353700 Pedregulho,10909,4085,14994
353710 Pedreira,34132,1087,35219
353715 Pedrinhas Paulista,2314,547,2861
353720 Pedro de Toledo,6159,3028,9187
353730 Penápolis,50620,4015,54635
353740 Pereira Barreto,23142,1886,25028
353750 Pereiras,4166,2060,6226
353760 Peruíbe,50370,1081,51451
353770 Piacatu,3807,818,4625
353780 Piedade,22057,28074,50131
353790 Pilar do Sul,17472,6476,23948
353800 Pindamonhangaba,119078,6948,126026
353810 Pindorama,12085,1024,13109
353820 Pinhalzinho,5291,5695,10986
353830 Piquerobi,2454,1024,3478
353850 Piquete,14209,991,15200
353860 Piracaia,23347,-,23347
353870 Piracicaba,317374,11784,329158
353880 Piraju,24296,3601,27897
353890 Pirajuí,16267,3828,20095
353900 Pirangi,8687,1351,10038
353910 Pirapora do Bom Jesus,12388,7,12395
353920 Pirapozinho,20715,1389,22104
353930 Pirassununga,57594,7270,64864
353940 Piratininga,8857,1727,10584
353950 Pitangueiras,29306,1850,31156
353960 Planalto,2829,841,3670
353970 Platina,2119,748,2867
353980 Poá,94672,1129,95801
353990 Poloni,4264,510,4774
354000 Pompéia,16722,1449,18171
354010 Pongaí,2909,784,3693
354020 Pontal,28585,1096,29681
354025 Pontalinda,2682,857,3539
354030 Pontes Gestal,1935,604,2539
354040 Populina,3425,1025,4450
354050 Porangaba,3471,3181,6652
354060 Porto Feliz,36604,8910,45514
354070 Porto Ferreira,45568,1869,47437
354075 Potim,12967,638,13605
354080 Potirendaba,11684,1972,13656
354085 Pracinha,1186,245,1431
354090 Pradópolis,11875,1037,12912
354100 Praia Grande,193582,-,193582
354105 Pratânia,2720,1230,3950
354110 Presidente Alves,3315,1002,4317
354120 Presidente Bernardes,10154,4508,14662
354130 Presidente Epitácio,36355,2943,39298
354140 Presidente Prudente,185229,3957,189186
354150 Presidente Venceslau,34554,2793,37347
354160 Promissão,25635,5470,31105
354165 Quadra,670,1981,2651
354170 Quatá,10548,1107,11655
354180 Queiroz,1659,512,2171
354190 Queluz,7846,1266,9112
354200 Quintana,4915,528,5443
354210 Rafard,7169,1191,8360
354220 Rancharia,24989,3783,28772
354230 Redenção da Serra,1627,2420,4047
354240 Regente Feijó,15266,1732,16998
354250 Reginópolis,3784,958,4742
354260 Registro,43066,10686,53752
354270 Restinga,4142,1442,5584
354280 Ribeira,1006,2501,3507
354290 Ribeirão Bonito,9959,1287,11246
354300 Ribeirão Branco,8985,12246,21231
354310 Ribeirão Corrente,2939,942,3881
354320 Ribeirão do Sul,2859,1638,4497
354323 Ribeirão dos Índios,1760,462,2222
354325 Ribeirão Grande,2325,5065,7390
354330 Ribeirão Pires,104508,-,104508
354340 Ribeirão Preto,502760,2163,504923
354360 Rifaina,2866,459,3325
354370 Rincão,8257,2073,10330
354380 Rinópolis,7948,2307,10255
354390 Rio Claro,163477,4741,168218
354400 Rio das Pedras,21954,1540,23494
354410 Rio Grande da Serra,37091,-,37091
354420 Riolândia,6860,1700,8560
354350 Riversul,5042,2150,7192
354425 Rosana,6198,18031,24229
354430 Roseira,8013,564,8577
354440 Rubiácea,1268,1069,2337
354450 Rubinéia,1916,699,2615
354460 Sabino,4090,861,4951
354470 Sagres,1578,861,2439
354480 Sales,3559,1004,4563
354490 Sales Oliveira,7841,1484,9325
354500 Salesópolis,8741,5616,14357
354510 Salmourão,3561,840,4401
354515 Saltinho,4813,986,5799
354520 Salto,92065,1094,93159
354530 Salto de Pirapora,27384,7688,35072
354540 Salto Grande,7387,1057,8444
354550 Sandovalina,1750,1339,3089
354560 Santa Adélia,12070,1379,13449
354570 Santa Albertina,4433,1153,5586
354580 Santa Bárbara d'Oeste,167917,2161,170078
354600 Santa Branca,11721,1289,13010
354610 Santa Clara d'Oeste,1464,659,2123
354620 Santa Cruz da Conceição,1934,1597,3531
354625 Santa Cruz da Esperança,1197,599,1796
354630 Santa Cruz das Palmeiras,24029,1527,25556
354640 Santa Cruz do Rio Pardo,35120,5799,40919
354650 Santa Ernestina,4392,1349,5741
354660 Santa Fé do Sul,24911,1601,26512
354670 Santa Gertrudes,15528,378,15906
354680 Santa Isabel,33014,10726,43740
354690 Santa Lúcia,7045,808,7853
354700 Santa Maria da Serra,3950,723,4673
354710 Santa Mercedes,2231,572,2803
354740 Santa Rita d'Oeste,1554,1141,2695
354750 Santa Rita do Passa Quatro,22493,3645,26138
354760 Santa Rosa de Viterbo,20196,1239,21435
354765 Santa Salete,541,838,1379
354720 Santana da Ponte Pensa,1106,788,1894
354730 Santana de Parnaíba,74828,-,74828
354770 Santo Anastácio,19044,1705,20749
354780 Santo André,649331,-,649331
354790 Santo Antônio da Alegria,4194,1570,5764
354800 Santo Antônio de Posse,14673,3451,18124
354805 Santo Antônio do Aracanguá,4536,2393,6929
354810 Santo Antônio do Jardim,3274,2880,6154
354820 Santo Antônio do Pinhal,3031,3297,6328
354830 Santo Expedito,2001,525,2526
354840 Santópolis do Aguapeí,3587,229,3816
354850 Santos,415747,2236,417983
354860 São Bento do Sapucaí,4627,5728,10355
354870 São Bernardo do Campo,690917,12260,703177
354880 São Caetano do Sul,140159,-,140159
354890 São Carlos,183433,9565,192998
354900 São Francisco,2055,808,2863
354910 São João da Boa Vista,71751,5636,77387
354920 São João das Duas Pontes,2015,645,2660
354925 São João de Iracema,1158,513,1671
354930 São João do Pau d'Alho,1611,569,2180
354940 São Joaquim da Barra,40799,788,41587
354950 São José da Bela Vista,6967,1108,8075
354960 São José do Barreiro,2471,1672,4143
354970 São José do Rio Pardo,41636,8441,50077
354980 São José do Rio Preto,337289,21234,358523
354990 São José dos Campos,532717,6596,539313
354995 São Lourenço da Serra,10781,1418,12199
355000 São Luís do Paraitinga,6145,4284,10429
355010 São Manuel,34043,2502,36545
355020 São Miguel Arcanjo,17985,12813,30798
355030 São Paulo,9813187,621065,10434252
355040 São Pedro,22433,5464,27897
355050 São Pedro do Turvo,4399,2489,6888
355060 São Roque,48727,17910,66637
355070 São Sebastião,57452,586,58038
355080 São Sebastião da Grama,7494,4960,12454
355090 São Simão,11940,1735,13675
355100 São Vicente,303413,138,303551
355110 Sarapuí,5103,2702,7805
355120 Sarutaiá,2827,912,3739
355130 Sebastianópolis do Sul,1649,897,2546
355140 Serra Azul,6808,638,7446
355160 Serra Negra,20612,3239,23851
355150 Serrana,31819,784,32603
355170 Sertãozinho,90531,4133,94664
355180 Sete Barras,4644,9070,13714
355190 Severínia,12161,1444,13605
355200 Silveiras,2451,2927,5378
355210 Socorro,20980,11724,32704
355220 Sorocaba,486726,6742,493468
355230 Sud Mennucci,6313,1052,7365
355240 Sumaré,193937,2786,196723
355255 Suzanápolis,1939,851,2790
355250 Suzano,221423,7267,228690
355260 Tabapuã,9017,1476,10493
355270 Tabatinga,10183,2807,12990
355280 Taboão da Serra,197644,-,197644
355290 Taciba,4242,979,5221
355300 Taguaí,6409,1059,7468
355310 Taiaçu,4847,772,5619
355320 Taiúva,4758,748,5506
355330 Tambaú,19044,3214,22258
355340 Tanabi,17989,4598,22587
355350 Tapiraí,5787,2783,8570
355360 Tapiratiba,9221,3721,12942
355365 Taquaral,2581,141,2722
355370 Taquaritinga,47592,4473,52065
355380 Taquarituba,18328,3654,21982
355385 Taquarivaí,2282,2191,4473
355390 Tarabai,5227,559,5786
355395 Tarumã,9646,1097,10743
355400 Tatuí,85613,7817,93430
355410 Taubaté,229855,14310,244165
355420 Tejupá,2723,2613,5336
355430 Teodoro Sampaio,15922,4081,20003
355440 Terra Roxa,7227,525,7752
355450 Tietê,28678,3032,31710
355460 Timburi,1812,919,2731
355465 Torre de Pedra,1257,887,2144
355470 Torrinha,7289,1548,8837
355475 Trabiju,1230,150,1380
355480 Tremembé,29866,4957,34823
355490 Três Fronteiras,4067,1092,5159
355495 Tuiuti,2271,2685,4956
355500 Tupã,60366,2967,63333
355510 Tupi Paulista,10877,2409,13286
355520 Turiúba,1491,404,1895
355530 Turmalina,1547,819,2366
355535 Ubarana,3811,409,4220
355540 Ubatuba,65195,1666,66861
355550 Ubirajara,2997,1159,4156
355560 Uchoa,7882,1153,9035
355570 União Paulista,973,381,1354
355580 Urânia,7065,1760,8825
355590 Uru,989,415,1404
355600 Urupês,9787,2046,11833
355610 Valentim Gentil,7527,1078,8605
355620 Valinhos,78506,4467,82973
355630 Valparaíso,16087,2487,18574
355635 Vargem,2610,4365,6975
355640 Vargem Grande do Sul,33712,2590,36302
355645 Vargem Grande Paulista,32683,-,32683
355650 Várzea Paulista,92800,-,92800
355660 Vera Cruz,9164,1921,11085
355670 Vinhedo,46174,1041,47215
355680 Viradouro,15086,876,15962
355690 Vista Alegre do Alto,4143,611,4754
355695 Vitória Brasil,1189,486,1675
355700 Votorantim,92723,3202,95925
355710 Votuporanga,72807,2834,75641
355715 Zacarias,1332,615,1947
410010 Abatiá,5356,2903,8259
410020 Adrianópolis,1613,5394,7007
410030 Agudos do Sul,1466,5755,7221
410040 Almirante Tamandaré,84755,3522,88277
410045 Altamira do Paraná,2119,4880,6999
412862 Alto Paraíso,1838,1945,3783
410060 Alto Paraná,10114,2603,12717
410070 Alto Piquiri,8405,2356,10761
410050 Altônia,11704,7526,19230
410080 Alvorada do Sul,7015,2238,9253
410090 Amaporã,3587,1068,4655
410100 Ampére,10403,5220,15623
410105 Anahy,1640,1371,3011
410110 Andirá,19927,1736,21663
410115 Ângulo,2150,690,2840
410120 Antonina,15837,3337,19174
410130 Antônio Olinto,612,6795,7407
410140 Apucarana,100249,7578,107827
410150 Arapongas,81790,3638,85428
410160 Arapoti,17487,6397,23884
410165 Arapuã,1209,2963,4172
410170 Araruna,9134,3947,13081
410180 Araucária,86111,8147,94258
410185 Ariranha do Ivaí,697,2186,2883
410190 Assaí,13517,4528,18045
410200 Assis Chateaubriand,27052,6265,33317
410210 Astorga,20476,3161,23637
410220 Atalaia,3327,688,4015
410230 Balsa Nova,3186,6967,10153
410240 Bandeirantes,27720,6012,33732
410250 Barbosa Ferraz,9735,4375,14110
410270 Barra do Jacaré,1693,1030,2723
410260 Barracão,5825,3446,9271
410275 Bela Vista da Caroba,757,3746,4503
410280 Bela Vista do Paraíso,13860,1171,15031
410290 Bituruna,7506,8227,15733
410300 Boa Esperança,2579,2583,5162
410302 Boa Esperança do Iguaçu,564,2543,3107
410304 Boa Ventura de São Roque,1080,5700,6780
410305 Boa Vista da Aparecida,4565,3858,8423
410310 Bocaiúva do Sul,3562,5488,9050
410315 Bom Jesus do Sul,382,3772,4154
410320 Bom Sucesso,4724,1449,6173
410322 Bom Sucesso do Sul,1307,2085,3392
410330 Borrazópolis,6432,3021,9453
410335 Braganey,2780,3411,6191
410337 Brasilândia do Sul,2367,1522,3889
410340 Cafeara,1781,704,2485
410345 Cafelândia,8551,2592,11143
410347 Cafezal do Sul,3069,1579,4648
410350 Califórnia,5664,2014,7678
410360 Cambará,20022,2718,22740
410370 Cambé,81942,6244,88186
410380 Cambira,4194,2494,6688
410390 Campina da Lagoa,12692,4326,17018
410395 Campina do Simão,1261,3104,4365
410400 Campina Grande do Sul,25973,8593,34566
410405 Campo Bonito,2260,2868,5128
410410 Campo do Tenente,3451,2884,6335
410420 Campo Largo,77223,15559,92782
410425 Campo Magro,2501,17908,20409
410430 Campo Mourão,74754,5722,80476
410440 Cândido de Abreu,4684,14111,18795
410442 Candói,5158,9027,14185
410445 Cantagalo,7312,5498,12810
410450 Capanema,9311,8928,18239
410460 Capitão Leônidas Marques,9753,4624,14377
410465 Carambeí,10494,4366,14860
410470 Carlópolis,8347,4958,13305
410480 Cascavel,228673,16696,245369
410490 Castro,43250,20331,63581
410500 Catanduvas,4944,5477,10421
410510 Centenário do Sul,9237,2580,11817
410520 Cerro Azul,3916,12436,16352
410530 Céu Azul,7197,3248,10445
410540 Chopinzinho,10529,10014,20543
410550 Cianorte,49644,7757,57401
410560 Cidade Gaúcha,7681,1850,9531
410570 Clevelândia,14814,3524,18338
410580 Colombo,174962,8367,183329
410590 Colorado,18772,2185,20957
410600 Congonhinhas,4704,3147,7851
410610 Conselheiro Mairinck,2406,1057,3463
410620 Contenda,6320,6921,13241
410630 Corbélia,12542,3261,15803
410640 Cornélio Procópio,42683,4178,46861
410645 Coronel Domingos Soares,797,6207,7004
410650 Coronel Vivida,14732,8574,23306
410655 Corumbataí do Sul,1998,2948,4946
410680 Cruz Machado,3459,14208,17667
410657 Cruzeiro do Iguaçu,2214,2180,4394
410660 Cruzeiro do Oeste,16056,4166,20222
410670 Cruzeiro do Sul,2834,1925,4759
410685 Cruzmaltina,1181,2278,3459
410690 Curitiba,1587315,-,1587315
410700 Curiúva,7026,5878,12904
410715 Diamante D'Oeste,2480,2398,4878
410710 Diamante do Norte,4612,1487,6099
410712 Diamante do Sul,1115,2544,3659
410720 Dois Vizinhos,22382,9604,31986
410725 Douradina,3717,2443,6160
410730 Doutor Camargo,4679,1098,5777
412863 Doutor Ulysses,701,5302,6003
410740 Enéas Marques,1250,5132,6382
410750 Engenheiro Beltrão,11129,2953,14082
410753 Entre Rios do Oeste,1991,1337,3328
410752 Esperança Nova,753,1555,2308
410754 Espigão Alto do Iguaçu,1572,3816,5388
410755 Farol,1944,2019,3963
410760 Faxinal,12556,3052,15608
410765 Fazenda Rio Grande,59196,3681,62877
410770 Fênix,3836,1106,4942
410773 Fernandes Pinheiro,1965,4403,6368
410775 Figueira,7642,1396,9038
410785 Flor da Serra do Sul,590,4469,5059
410780 Floraí,4511,774,5285
410790 Floresta,4386,736,5122
410800 Florestópolis,10238,1952,12190
410810 Flórida,2181,253,2434
410820 Formosa do Oeste,5030,3725,8755
410830 Foz do Iguaçu,256524,2019,258543
410845 Foz do Jordão,4312,2066,6378
410832 Francisco Alves,4110,2846,6956
410840 Francisco Beltrão,54831,12301,67132
410850 General Carneiro,8903,4996,13899
410855 Godoy Moreira,1468,2368,3836
410860 Goioerê,24534,5216,29750
410865 Goioxim,1832,6254,8086
410870 Grandes Rios,3800,4068,7868
410880 Guaíra,24878,3781,28659
410890 Guairaçá,4098,1800,5898
410895 Guamiranga,1628,5506,7134
410900 Guapirama,2917,1151,4068
410910 Guaporema,970,1274,2244
410920 Guaraci,3809,1110,4919
410930 Guaraniaçu,8126,9075,17201
410940 Guarapuava,141694,13467,155161
410950 Guaraqueçaba,2582,5706,8288
410960 Guaratuba,23156,4101,27257
410965 Honório Serpa,1443,5453,6896
410970 Ibaiti,19707,6741,26448
410975 Ibema,4438,1434,5872
410980 Ibiporã,39141,3012,42153
410990 Icaraíma,6519,3529,10048
411000 Iguaraçu,2814,784,3598
411005 Iguatu,1227,1028,2255
411007 Imbaú,5483,3991,9474
411010 Imbituva,14781,9715,24496
411020 Inácio Martins,4078,6885,10963
411030 Inajá,2305,610,2915
411040 Indianópolis,2435,1777,4212
411050 Ipiranga,3996,9312,13308
411060 Iporã,11508,4937,16445
411065 Iracema do Oeste,2131,820,2951
411070 Irati,39306,13046,52352
411080 Iretama,6156,5179,11335
411090 Itaguajé,3586,1185,4771
411095 Itaipulândia,3757,3079,6836
411100 Itambaracá,5303,1787,7090
411110 Itambé,5378,578,5956
411120 Itapejara d'Oeste,4961,4201,9162
411125 Itaperuçu,16234,3110,19344
411130 Itaúna do Sul,2790,1657,4447
411140 Ivaí,3708,8191,11899
411150 Ivaiporã,25889,6381,32270
411155 Ivaté,3971,2954,6925
411160 Ivatuba,1926,870,2796
411170 Jaboti,2641,1949,4590
411180 Jacarezinho,33515,6110,39625
411190 Jaguapitã,8733,2199,10932
411200 Jaguariaíva,25621,5159,30780
411210 Jandaia do Sul,17079,2597,19676
411220 Janiópolis,4368,3716,8084
411230 Japira,2327,2574,4901
411240 Japurá,6100,1655,7755
411250 Jardim Alegre,7134,6539,13673
411260 Jardim Olinda,996,527,1523
411270 Jataizinho,10317,1010,11327
411275 Jesuítas,5408,4424,9832
411280 Joaquim Távora,6972,2689,9661
411290 Jundiaí do Sul,2266,1393,3659
411295 Juranda,5764,2370,8134
411300 Jussara,5256,1043,6299
411310 Kaloré,3055,1989,5044
411320 Lapa,24070,17768,41838
411325 Laranjal,1510,5611,7121
411330 Laranjeiras do Sul,23562,6463,30025
411340 Leópolis,2395,2045,4440
411342 Lidianópolis,1841,2942,4783
411345 Lindoeste,2382,3842,6224
411350 Loanda,16948,2601,19549
411360 Lobato,3366,698,4064
411370 Londrina,433369,13696,447065
411373 Luiziana,4138,3402,7540
411375 Lunardelli,2704,2964,5668
411380 Lupionópolis,3555,768,4323
411390 Mallet,6862,5740,12602
411400 Mamborê,9014,6142,15156
411410 Mandaguaçu,14113,2715,16828
411420 Mandaguari,28281,3114,31395
411430 Mandirituba,6268,11272,17540
411435 Manfrinópolis,448,3354,3802
411440 Mangueirinha,6450,11310,17760
411450 Manoel Ribas,6540,6526,13066
411460 Marechal Cândido Rondon,31246,9761,41007
411470 Maria Helena,2719,3665,6384
411480 Marialva,22113,6589,28702
411490 Marilândia do Sul,6089,2982,9071
411500 Marilena,4047,2709,6756
411510 Mariluz,8255,2041,10296
411520 Maringá,283978,4675,288653
411530 Mariópolis,3771,2246,6017
411535 Maripá,3001,2888,5889
411540 Marmeleiro,7168,6497,13665
411545 Marquinho,568,5091,5659
411550 Marumbi,3380,1232,4612
411560 Matelândia,10151,4193,14344
411570 Matinhos,24000,184,24184
411573 Mato Rico,652,3844,4496
411575 Mauá da Serra,5344,1127,6471
411580 Medianeira,33246,4581,37827
411585 Mercedes,1496,3112,4608
411590 Mirador,1576,924,2500
411600 Miraselva,1306,655,1961
411605 Missal,4972,5461,10433
411610 Moreira Sales,9383,4012,13395
411620 Morretes,7153,8122,15275
411630 Munhoz de Melo,2527,874,3401
411640 Nossa Senhora das Graças,2848,985,3833
411650 Nova Aliança do Ivaí,904,434,1338
411660 Nova América da Colina,2401,1184,3585
411670 Nova Aurora,9061,4580,13641
411680 Nova Cantu,3916,5998,9914
411690 Nova Esperança,21785,3944,25729
411695 Nova Esperança do Sudoeste,1224,4034,5258
411700 Nova Fátima,6591,1714,8305
411705 Nova Laranjeiras,1813,9886,11699
411710 Nova Londrina,11604,1565,13169
411720 Nova Olímpia,4325,955,5280
411725 Nova Prata do Iguaçu,5311,5086,10397
411721 Nova Santa Bárbara,2871,740,3611
411722 Nova Santa Rosa,3897,3228,7125
411727 Nova Tebas,3164,6312,9476
411729 Novo Itacolomi,1258,1608,2866
411730 Ortigueira,8363,16853,25216
411740 Ourizona,2720,676,3396
411745 Ouro Verde do Oeste,3383,2089,5472
411750 Paiçandu,29622,1142,30764
411760 Palmas,31411,3408,34819
411770 Palmeira,17268,13579,30847
411780 Palmital,7170,9788,16958
411790 Palotina,20740,5031,25771
411800 Paraíso do Norte,8720,1019,9739
411810 Paranacity,7326,1783,9109
411820 Paranaguá,122347,4992,127339
411830 Paranapoema,2159,234,2393
411840 Paranavaí,70329,5421,75750
411845 Pato Bragado,2343,1706,4049
411850 Pato Branco,56805,5429,62234
411860 Paula Freitas,2200,2860,5060
411870 Paulo Frontin,1752,4813,6565
411880 Peabiru,10491,2996,13487
411885 Perobal,2626,2665,5291
411890 Pérola,6618,2664,9282
411900 Pérola d'Oeste,2720,4634,7354
411910 Piên,2883,6915,9798
411915 Pinhais,100726,2259,102985
411925 Pinhal de São Bento,737,1823,2560
411920 Pinhalão,3532,2685,6217
411930 Pinhão,13734,14674,28408
411940 Piraí do Sul,14624,7023,21647
411950 Piraquara,33829,39057,72886
411960 Pitanga,18339,17522,35861
411965 Pitangueiras,1641,777,2418
411970 Planaltina do Paraná,2549,1443,3992
411980 Planalto,4814,9308,14122
411990 Ponta Grossa,266683,6933,273616
411995 Pontal do Paraná,14149,174,14323
412000 Porecatu,12372,3509,15881
412010 Porto Amazonas,2728,1508,4236
412015 Porto Barreiro,412,3794,4206
412020 Porto Rico,1641,909,2550
412030 Porto Vitória,2216,1835,4051
412033 Prado Ferreira,2371,781,3152
412035 Pranchita,3160,3100,6260
412040 Presidente Castelo Branco,3247,1058,4305
412050 Primeiro de Maio,9728,1000,10728
412060 Prudentópolis,18276,28070,46346
412065 Quarto Centenário,2685,2648,5333
412070 Quatiguá,5929,813,6742
412080 Quatro Barras,14520,1641,16161
412085 Quatro Pontes,1794,1852,3646
412090 Quedas do Iguaçu,19626,7738,27364
412100 Querência do Norte,7007,4431,11438
412110 Quinta do Sol,3454,2305,5759
412120 Quitandinha,3046,12226,15272
412125 Ramilândia,1754,2114,3868
412130 Rancho Alegre,3491,706,4197
412135 Rancho Alegre D'Oeste,2066,1051,3117
412140 Realeza,9951,6072,16023
412150 Rebouças,6570,7093,13663
412160 Renascença,2928,4031,6959
412170 Reserva,9611,14366,23977
412175 Reserva do Iguaçu,3340,3338,6678
412180 Ribeirão Claro,6796,4107,10903
412190 Ribeirão do Pinhal,10675,3666,14341
412200 Rio Azul,4334,8689,13023
412210 Rio Bom,2106,1440,3546
412215 Rio Bonito do Iguaçu,1878,11913,13791
412217 Rio Branco do Ivaí,925,2833,3758
412220 Rio Branco do Sul,20049,9292,29341
412230 Rio Negro,22460,6250,28710
412240 Rolândia,44650,4760,49410
412250 Roncador,6826,6806,13632
412260 Rondon,5832,2695,8527
412265 Rosário do Ivaí,2269,4316,6585
412270 Sabáudia,4036,1377,5413
412280 Salgado Filho,2158,3180,5338
412290 Salto do Itararé,3419,2130,5549
412300 Salto do Lontra,5602,7155,12757
412310 Santa Amélia,2950,1457,4407
412320 Santa Cecília do Pavão,3002,1062,4064
412330 Santa Cruz de Monte Castelo,5651,2927,8578
412340 Santa Fé,7264,1606,8870
412350 Santa Helena,9818,10673,20491
412360 Santa Inês,1193,906,2099
412370 Santa Isabel do Ivaí,6771,2383,9154
412380 Santa Izabel do Oeste,5695,6016,11711
412382 Santa Lúcia,2184,1942,4126
412385 Santa Maria do Oeste,3175,10464,13639
412390 Santa Mariana,8668,4802,13470
412395 Santa Mônica,1335,1855,3190
412402 Santa Tereza do Oeste,7534,3220,10754
412405 Santa Terezinha de Itaipu,16299,2069,18368
412400 Santana do Itararé,3465,2173,5638
412410 Santo Antônio da Platina,32617,7326,39943
412420 Santo Antônio do Caiuá,2118,760,2878
412430 Santo Antônio do Paraíso,1718,1072,2790
412440 Santo Antônio do Sudoeste,10814,7056,17870
412450 Santo Inácio,3960,1228,5188
412460 São Carlos do Ivaí,5252,652,5904
412470 São Jerônimo da Serra,5331,6419,11750
412480 São João,5788,5419,11207
412490 São João do Caiuá,5070,1021,6091
412500 São João do Ivaí,9368,3828,13196
412510 São João do Triunfo,3503,8915,12418
412520 São Jorge d'Oeste,4511,4796,9307
412530 São Jorge do Ivaí,4558,1032,5590
412535 São Jorge do Patrocínio,2907,3697,6604
412540 São José da Boa Vista,3501,3477,6978
412545 São José das Palmeiras,2259,1843,4102
412550 São José dos Pinhais,183366,20950,204316
412555 São Manoel do Paraná,1003,1069,2072
412560 São Mateus do Sul,21131,15438,36569
412570 São Miguel do Iguaçu,14260,10172,24432
412575 São Pedro do Iguaçu,4003,3274,7277
412580 São Pedro do Ivaí,7730,1743,9473
412590 São Pedro do Paraná,1492,1246,2738
412600 São Sebastião da Amoreira,6617,1931,8548
412610 São Tomé,3744,1301,5045
412620 Sapopema,3183,3689,6872
412625 Sarandi,69493,1929,71422
412627 Saudade do Iguaçu,1987,2621,4608
412630 Sengés,13353,4425,17778
412635 Serranópolis do Iguaçu,1928,2812,4740
412640 Sertaneja,5476,1045,6521
412650 Sertanópolis,12609,2538,15147
412660 Siqueira Campos,11768,4232,16000
412665 Sulina,1195,2723,3918
412667 Tamarana,4719,4994,9713
412670 Tamboara,3384,871,4255
412680 Tapejara,10512,2608,13120
412690 Tapira,3299,2983,6282
412700 Teixeira Soares,3785,4407,8192
412710 Telêmaco Borba,58354,2884,61238
412720 Terra Boa,11177,3463,14640
412730 Terra Rica,10516,3281,13797
412740 Terra Roxa,11042,5258,16300
412750 Tibagi,10279,8155,18434
412760 Tijucas do Sul,1846,10414,12260
412770 Toledo,85920,12280,98200
412780 Tomazina,4286,5645,9931
412785 Três Barras do Paraná,4931,6891,11822
412788 Tunas do Paraná,1421,2190,3611
412790 Tuneiras do Oeste,5164,3849,9013
412795 Tupãssi,5420,2598,8018
412796 Turvo,4179,10351,14530
412800 Ubiratã,17633,4960,22593
412810 Umuarama,82625,8065,90690
412820 União da Vitória,45591,2931,48522
412830 Uniflor,1658,704,2362
412840 Uraí,9162,2714,11876
412853 Ventania,5357,2667,8024
412855 Vera Cruz do Oeste,6966,2685,9651
412860 Verê,3029,5692,8721
412865 Virmond,1399,2550,3949
412870 Vitorino,3190,3095,6285
412850 Wenceslau Braz,14879,4680,19559
412880 Xambrê,1875,4625,6500
420005 Abdon Batista,713,2062,2775
420010 Abelardo Luz,7228,9212,16440
420020 Agrolândia,4634,3176,7810
420030 Agronômica,872,3385,4257
420040 Água Doce,3148,3695,6843
420050 Águas de Chapecó,2202,3580,5782
420055 Águas Frias,517,2008,2525
420060 Águas Mornas,1715,3675,5390
420070 Alfredo Wagner,2473,6384,8857
420075 Alto Bela Vista,522,1576,2098
420080 Anchieta,2443,4690,7133
420090 Angelina,1015,4761,5776
420100 Anita Garibaldi,4188,6085,10273
420110 Anitápolis,1114,2120,3234
420120 Antônio Carlos,1760,4674,6434
420125 Apiúna,3606,4914,8520
420127 Arabutã,971,3189,4160
420130 Araquari,22000,1645,23645
420140 Araranguá,45052,9654,54706
420150 Armazém,2625,4248,6873
420160 Arroio Trinta,2097,1393,3490
420165 Arvoredo,411,1894,2305
420170 Ascurra,6119,815,6934
420180 Atalanta,1133,2296,3429
420190 Aurora,1482,3992,5474
420195 Balneário Arroio do Silva,5876,167,6043
420205 Balneário Barra do Sul,6032,13,6045
420200 Balneário Camboriú,73455,-,73455
420207 Balneário Gaivota,2977,2473,5450
421280 Balneário Piçarras,8615,2296,10911
420208 Bandeirante,741,2436,3177
420209 Barra Bonita,256,1862,2118
420210 Barra Velha,14566,964,15530
420213 Bela Vista do Toldo,570,5151,5721
420215 Belmonte,952,1636,2588
420220 Benedito Novo,4901,4170,9071
420230 Biguaçu,42907,5170,48077
420240 Blumenau,241943,19865,261808
420243 Bocaina do Sul,415,2565,2980
420250 Bom Jardim da Serra,2123,1956,4079
420253 Bom Jesus,989,1057,2046
420257 Bom Jesus do Oeste,376,1774,2150
420260 Bom Retiro,5336,2631,7967
420245 Bombinhas,8716,-,8716
420270 Botuverá,803,2953,3756
420280 Braço do Norte,17879,6923,24802
420285 Braço do Trombudo,1622,1565,3187
420287 Brunópolis,707,2624,3331
420290 Brusque,73256,2802,76058
420300 Caçador,55542,7780,63322
420310 Caibi,3060,3294,6354
420315 Calmon,1392,2075,3467
420320 Camboriú,39427,2018,41445
420330 Campo Alegre,6871,4763,11634
420340 Campo Belo do Sul,4440,3611,8051
420350 Campo Erê,5756,4597,10353
420360 Campos Novos,22556,6173,28729
420370 Canelinha,4292,4712,9004
420380 Canoinhas,37904,13727,51631
420325 Capão Alto,604,2416,3020
420390 Capinzal,15460,4495,19955
420395 Capivari de Baixo,17436,1125,18561
420400 Catanduvas,5304,2987,8291
420410 Caxambu do Sul,2054,3209,5263
420415 Celso Ramos,638,2206,2844
420417 Cerro Negro,694,3404,4098
420419 Chapadão do Lageado,289,2272,2561
420420 Chapecó,134592,12375,146967
420425 Cocal do Sul,11407,2319,13726
420430 Concórdia,45254,17804,63058
420435 Cordilheira Alta,303,2790,3093
420440 Coronel Freitas,4494,6041,10535
420445 Coronel Martins,458,1930,2388
420455 Correia Pinto,12046,4980,17026
420450 Corupá,8727,3120,11847
420460 Criciúma,153049,17371,170420
420470 Cunha Porã,5287,4942,10229
420475 Cunhataí,335,1487,1822
420480 Curitibanos,32438,3623,36061
420490 Descanso,3885,5244,9129
420500 Dionísio Cerqueira,8610,5640,14250
420510 Dona Emma,1368,1941,3309
420515 Doutor Pedrinho,1669,1413,3082
420517 Entre Rios,751,2106,2857
420519 Ermo,593,1464,2057
420520 Erval Velho,2160,2109,4269
420530 Faxinal dos Guedes,7044,3723,10767
420535 Flor do Sertão,195,1417,1612
420540 Florianópolis,332185,10130,342315
420543 Formosa do Sul,891,1834,2725
420545 Forquilhinha,14556,3792,18348
420550 Fraiburgo,27623,5325,32948
420555 Frei Rogério,487,2484,2971
420560 Galvão,2494,1741,4235
420570 Garopaba,10722,2442,13164
420580 Garuva,8256,3122,11378
420590 Gaspar,29601,16813,46414
420600 Governador Celso Ramos,10842,756,11598
420610 Grão Pará,2674,3143,5817
420620 Gravatal,3864,6935,10799
420630 Guabiruba,12048,928,12976
420640 Guaraciaba,4365,6673,11038
420650 Guaramirim,19012,4782,23794
420660 Guarujá do Sul,2271,2425,4696
420665 Guatambú,983,3719,4702
420670 Herval d'Oeste,17140,2904,20044
420675 Ibiam,501,1454,1955
420680 Ibicaré,1240,2347,3587
420690 Ibirama,13115,2687,15802
420700 Içara,39570,9064,48634
420710 Ilhota,6445,4129,10574
420720 Imaruí,3909,9495,13404
420730 Imbituba,34527,1173,35700
420740 Imbuia,1955,3291,5246
420750 Indaial,38382,1812,40194
420757 Iomerê,683,1870,2553
420760 Ipira,2214,2765,4979
420765 Iporã do Oeste,2851,5026,7877
420768 Ipuaçu,967,5155,6122
420770 Ipumirim,2484,4423,6907
420775 Iraceminha,1222,3370,4592
420780 Irani,5058,3544,8602
420785 Irati,412,1790,2202
420790 Irineópolis,2964,6770,9734
420800 Itá,3422,3342,6764
420810 Itaiópolis,8757,10329,19086
420820 Itajaí,141950,5544,147494
420830 Itapema,24781,1088,25869
420840 Itapiranga,5382,8616,13998
420845 Itapoá,8191,648,8839
420850 Ituporanga,11664,7828,19492
420860 Jaborá,1362,2832,4194
420870 Jacinto Machado,4538,6385,10923
420880 Jaguaruna,10238,4375,14613
420890 Jaraguá do Sul,96320,12169,108489
420895 Jardinópolis,815,1179,1994
420900 Joaçaba,21688,2378,24066
420910 Joinville,414972,14632,429604
420915 José Boiteux,1466,3128,4594
420917 Jupiá,671,1549,2220
420920 Lacerdópolis,983,1190,2173
420930 Lages,153582,4100,157682
420940 Laguna,37284,10284,47568
420945 Lajeado Grande,476,1096,1572
420950 Laurentino,3238,1824,5062
420960 Lauro Muller,9923,3681,13604
420970 Lebon Régis,6980,4702,11682
420980 Leoberto Leal,457,3282,3739
420985 Lindóia do Sul,1321,3556,4877
420990 Lontras,5309,3072,8381
421000 Luiz Alves,2124,5850,7974
421003 Luzerna,3964,1608,5572
421005 Macieira,304,1596,1900
421010 Mafra,37713,12227,49940
421020 Major Gercino,977,2166,3143
421030 Major Vieira,2199,4707,6906
421040 Maracajá,3521,2020,5541
421050 Maravilha,14226,4295,18521
421055 Marema,941,1710,2651
421060 Massaranduba,4629,7933,12562
421070 Matos Costa,1250,1954,3204
421080 Meleiro,3207,3873,7080
421085 Mirim Doce,1158,1595,2753
421090 Modelo,2201,1729,3930
421100 Mondaí,4049,4679,8728
421105 Monte Carlo,7305,1274,8579
421110 Monte Castelo,4573,3777,8350
421120 Morro da Fumaça,11154,3397,14551
421125 Morro Grande,737,2180,2917
421130 Navegantes,36650,2667,39317
421140 Nova Erechim,1720,1823,3543
421145 Nova Itaberaba,425,3831,4256
421150 Nova Trento,6673,3179,9852
421160 Nova Veneza,7199,4312,11511
421165 Novo Horizonte,723,2378,3101
421170 Orleans,12813,7218,20031
421175 Otacílio Costa,12811,1182,13993
421180 Ouro,4165,3254,7419
421185 Ouro Verde,625,1727,2352
421187 Paial,259,1793,2052
421189 Painel,824,1560,2384
421190 Palhoça,97914,4828,102742
421200 Palma Sola,3192,5014,8206
421205 Palmeira,771,1362,2133
421210 Palmitos,8006,8028,16034
421220 Papanduva,7953,8869,16822
421223 Paraíso,1302,3494,4796
421225 Passo de Torres,3522,878,4400
421227 Passos Maia,748,4015,4763
421230 Paulo Lopes,3554,2370,5924
421240 Pedras Grandes,865,4056,4921
421250 Penha,15993,1685,17678
421260 Peritiba,1317,1913,3230
421270 Petrolândia,1811,4595,6406
421290 Pinhalzinho,9313,3043,12356
421300 Pinheiro Preto,1141,1588,2729
421310 Piratuba,2710,3102,5812
421315 Planalto Alegre,739,1713,2452
421320 Pomerode,18713,3414,22127
421330 Ponte Alta,3783,1385,5168
421335 Ponte Alta do Norte,2338,883,3221
421340 Ponte Serrada,7230,3331,10561
421350 Porto Belo,9973,731,10704
421360 Porto União,26579,5279,31858
421370 Pouso Redondo,6368,5835,12203
421380 Praia Grande,3937,3349,7286
421390 Presidente Castello Branco,457,1703,2160
421400 Presidente Getúlio,7867,4466,12333
421410 Presidente Nereu,776,1529,2305
421415 Princesa,568,2045,2613
421420 Quilombo,4697,6039,10736
421430 Rancho Queimado,1103,1534,2637
421440 Rio das Antas,2226,3903,6129
421450 Rio do Campo,2288,4234,6522
421460 Rio do Oeste,2626,4104,6730
421480 Rio do Sul,48418,3232,51650
421470 Rio dos Cedros,3758,5181,8939
421490 Rio Fortuna,1213,3107,4320
421500 Rio Negrinho,32650,5057,37707
421505 Rio Rufino,553,1861,2414
421507 Riqueza,1277,3889,5166
421510 Rodeio,8866,1514,10380
421520 Romelândia,2120,4371,6491
421530 Salete,4583,2580,7163
421535 Saltinho,899,3297,4196
421540 Salto Veloso,2834,1076,3910
421545 Sangão,3624,4504,8128
421550 Santa Cecília,11617,3185,14802
421555 Santa Helena,740,1848,2588
421560 Santa Rosa de Lima,423,1584,2007
421565 Santa Rosa do Sul,3042,4768,7810
421567 Santa Terezinha,1142,7698,8840
421568 Santa Terezinha do Progresso,426,2990,3416
421569 Santiago do Sul,521,1175,1696
421570 Santo Amaro da Imperatriz,12536,3172,15708
421580 São Bento do Sul,61826,3611,65437
421575 São Bernardino,529,2611,3140
421590 São Bonifácio,682,2536,3218
421600 São Carlos,5347,4017,9364
421605 São Cristovão do Sul,2719,1785,4504
421610 São Domingos,5430,4110,9540
421620 São Francisco do Sul,29930,2371,32301
421630 São João Batista,11273,3588,14861
421635 São João do Itaperiú,1454,1707,3161
421625 São João do Oeste,1494,4295,5789
421640 São João do Sul,1143,5641,6784
421650 São Joaquim,16129,6707,22836
421660 São José,171230,2329,173559
421670 São José do Cedro,6659,7019,13678
421680 São José do Cerrito,2152,8241,10393
421690 São Lourenço do Oeste,13407,6240,19647
421700 São Ludgero,5995,2592,8587
421710 São Martinho,888,2386,3274
421715 São Miguel da Boa Vista,331,1687,2018
421720 São Miguel do Oeste,27392,4932,32324
421725 São Pedro de Alcântara,2096,1488,3584
421730 Saudades,2897,5427,8324
421740 Schroeder,9402,1409,10811
421750 Seara,10263,6221,16484
421755 Serra Alta,1201,2129,3330
421760 Siderópolis,9103,2979,12082
421770 Sombrio,15925,7037,22962
421775 Sul Brasil,744,2372,3116
421780 Taió,7887,8370,16257
421790 Tangará,4233,4521,8754
421795 Tigrinhos,213,1665,1878
421800 Tijucas,18711,4788,23499
421810 Timbé do Sul,1683,3640,5323
421820 Timbó,26783,2575,29358
421825 Timbó Grande,2775,3726,6501
421830 Três Barras,14223,2901,17124
421835 Treviso,1561,1583,3144
421840 Treze de Maio,1764,4952,6716
421850 Treze Tílias,2907,1933,4840
421860 Trombudo Central,3154,2641,5795
421870 Tubarão,69925,18545,88470
421875 Tunápolis,1217,3560,4777
421880 Turvo,5637,5250,10887
421885 União do Oeste,994,2397,3391
421890 Urubici,6661,3591,10252
421895 Urupema,1185,1342,2527
421900 Urussanga,10650,8077,18727
421910 Vargeão,1380,2146,3526
421915 Vargem,651,2574,3225
421917 Vargem Bonita,2199,2959,5158
421920 Vidal Ramos,1497,4782,6279
421930 Videira,35787,5802,41589
421935 Vitor Meireles,1098,4421,5519
421940 Witmarsum,612,2639,3251
421950 Xanxerê,32385,5044,37429
421960 Xavantina,946,3458,4404
421970 Xaxim,16058,6799,22857
421985 Zortéa,2053,580,2633
430005 Água Santa,1172,2955,4127
430010 Agudo,5655,11800,17455
430020 Ajuricaba,3759,3950,7709
430030 Alecrim,2069,6418,8487
430040 Alegrete,75092,9246,84338
430045 Alegria,1607,3760,5367
430050 Alpestre,2157,8109,10266
430055 Alto Alegre,719,1418,2137
430057 Alto Feliz,712,2122,2834
430060 Alvorada,183365,603,183968
430063 Amaral Ferrador,1131,4609,5740
430064 Ametista do Sul,3195,4219,7414
430066 André da Rocha,374,739,1113
430070 Anta Gorda,1821,4506,6327
430080 Antônio Prado,8417,4501,12918
430085 Arambaré,2757,1160,3917
430087 Araricá,3493,539,4032
430090 Aratiba,2557,4559,7116
430100 Arroio do Meio,12735,4216,16951
430105 Arroio do Sal,5040,233,5273
430120 Arroio do Tigre,5270,6946,12216
430110 Arroio dos Ratos,12528,807,13335
430130 Arroio Grande,15692,3460,19152
430140 Arvorezinha,5377,4885,10262
430150 Augusto Pestana,3328,4845,8173
430155 Áurea,1262,2627,3889
430160 Bagé,97290,21477,118767
430163 Balneário Pinhal,7120,332,7452
430165 Barão,2291,3106,5397
430170 Barão de Cotegipe,3287,3640,6927
430175 Barão do Triunfo,593,6069,6662
430185 Barra do Guarita,1106,1881,2987
430187 Barra do Quaraí,2865,1019,3884
430190 Barra do Ribeiro,8938,2907,11845
430192 Barra do Rio Azul,364,2050,2414
430195 Barra Funda,1192,1039,2231
430180 Barracão,2755,2837,5592
430200 Barros Cassal,3247,8100,11347
430205 Benjamin Constant do Sul,256,2471,2727
430210 Bento Gonçalves,81820,9666,91486
430215 Boa Vista das Missões,651,1537,2188
430220 Boa Vista do Buricá,3663,2924,6587
430225 Boa Vista do Sul,311,2529,2840
430230 Bom Jesus,8376,3638,12014
430235 Bom Princípio,6945,2549,9494
430237 Bom Progresso,1011,1820,2831
430240 Bom Retiro do Sul,8279,2509,10788
430245 Boqueirão do Leão,1523,6302,7825
430250 Bossoroca,4015,3742,7757
430260 Braga,2340,1858,4198
430265 Brochier,1207,3165,4372
430270 Butiá,18976,1346,20322
430280 Caçapava do Sul,19328,15315,34643
430290 Cacequi,13015,2296,15311
430300 Cachoeira do Sul,74119,13754,87873
430310 Cachoeirinha,107564,-,107564
430320 Cacique Doble,1496,3274,4770
430330 Caibaté,2944,4299,7243
430340 Caiçara,1489,4091,5580
430350 Camaquã,47069,13314,60383
430355 Camargo,880,1618,2498
430360 Cambará do Sul,3047,3793,6840
430367 Campestre da Serra,1034,2136,3170
430370 Campina das Missões,2275,4739,7014
430380 Campinas do Sul,4431,3827,8258
430390 Campo Bom,51838,2180,54018
430400 Campo Novo,4617,2104,6721
430410 Campos Borges,2031,1754,3785
430420 Candelária,13800,15785,29585
430430 Cândido Godói,1630,5462,7092
430435 Candiota,2657,5408,8065
430440 Canela,30760,2865,33625
430450 Canguçu,17695,33752,51447
430460 Canoas,306093,-,306093
430463 Capão da Canoa,30334,164,30498
430466 Capão do Leão,21354,2364,23718
430468 Capela de Santana,6277,3755,10032
430469 Capitão,857,1708,2565
430467 Capivari do Sul,2413,694,3107
430471 Caraá,471,5932,6403
430470 Carazinho,56276,3618,59894
430480 Carlos Barbosa,15211,5308,20519
430485 Carlos Gomes,341,1571,1912
430490 Casca,4118,4322,8440
430495 Caseiros,1002,1897,2899
430500 Catuípe,6180,4018,10198
430510 Caxias do Sul,333391,27028,360419
430511 Centenário,660,2467,3127
430512 Cerrito,3968,2957,6925
430513 Cerro Branco,1137,3160,4297
430515 Cerro Grande,721,1880,2601
430517 Cerro Grande do Sul,1616,6657,8273
430520 Cerro Largo,9341,3324,12665
430530 Chapada,4736,5010,9746
430535 Charqueadas,29015,946,29961
430537 Charrua,568,3215,3783
430540 Chiapetta,2546,1935,4481
430543 Chuí,4859,308,5167
430544 Chuvisca,188,4314,4502
430545 Cidreira,8510,372,8882
430550 Ciríaco,2069,3183,5252
430558 Colinas,1027,1435,2462
430560 Colorado,1919,2153,4072
430570 Condor,3420,3071,6491
430580 Constantina,5802,5865,11667
430585 Coqueiros do Sul,804,1891,2695
430587 Coronel Barros,855,1599,2454
430590 Coronel Bicaco,4283,4152,8435
430595 Cotiporã,1875,2218,4093
430597 Coxilha,1621,1358,2979
430600 Crissiumal,6124,9056,15180
430605 Cristal,4014,2618,6632
430607 Cristal do Sul,444,2430,2874
430610 Cruz Alta,65367,5887,71254
430620 Cruzeiro do Sul,6172,5492,11664
430630 David Canabarro,1425,3315,4740
430632 Derrubadas,786,2929,3715
430635 Dezesseis de Novembro,593,2851,3444
430637 Dilermando de Aguiar,1090,2110,3200
430640 Dois Irmãos,22272,163,22435
430642 Dois Irmãos das Missões,933,1432,2365
430645 Dois Lajeados,1214,2010,3224
430650 Dom Feliciano,2552,10745,13297
430660 Dom Pedrito,35795,4615,40410
430655 Dom Pedro de Alcântara,701,1935,2636
430670 Dona Francisca,2324,1578,3902
430673 Doutor Maurício Cardoso,2619,3710,6329
430675 Doutor Ricardo,447,1681,2128
430676 Eldorado do Sul,19242,8026,27268
430680 Encantado,16036,2492,18528
430690 Encruzilhada do Sul,14841,9061,23902
430692 Engenho Velho,457,1677,2134
430695 Entre Rios do Sul,2069,1422,3491
430693 Entre-Ijuís,4440,5262,9702
430697 Erebango,1975,1048,3023
430700 Erechim,82026,8321,90347
430705 Ernestina,1078,2863,3941
430720 Erval Grande,2109,3538,5647
430730 Erval Seco,3246,5931,9177
430740 Esmeralda,2415,3106,5521
430745 Esperança do Sul,423,3332,3755
430750 Espumoso,10014,6171,16185
430755 Estação,5267,961,6228
430760 Estância Velha,34367,765,35132
430770 Esteio,79961,87,80048
430780 Estrela,22695,4706,27401
430781 Estrela Velha,667,3024,3691
430783 Eugênio de Castro,1094,2219,3313
430786 Fagundes Varela,1084,1387,2471
430790 Farroupilha,42705,12603,55308
430800 Faxinal do Soturno,4097,2744,6841
430805 Faxinalzinho,1275,1648,2923
430807 Fazenda Vilanova,1208,1625,2833
430810 Feliz,7975,3341,11316
430820 Flores da Cunha,14227,9451,23678
430825 Floriano Peixoto,226,2135,2361
430830 Fontoura Xavier,3382,8091,11473
430840 Formigueiro,2649,4949,7598
430845 Fortaleza dos Valos,2819,2260,5079
430850 Frederico Westphalen,20433,6326,26759
430860 Garibaldi,23112,5225,28337
430865 Garruchos,1191,2484,3675
430870 Gaurama,2997,3394,6391
430880 General Câmara,5172,3565,8737
430885 Gentil,475,1296,1771
430890 Getúlio Vargas,13644,2865,16509
430900 Giruá,13257,5492,18749
430905 Glorinha,1285,4399,5684
430910 Gramado,23328,5265,28593
430912 Gramado dos Loureiros,426,2117,2543
430915 Gramado Xavier,382,3284,3666
430920 Gravataí,212144,20485,232629
430925 Guabiju,631,1118,1749
430930 Guaíba,91956,2351,94307
430940 Guaporé,17678,2386,20064
430950 Guarani das Missões,4984,4006,8990
430955 Harmonia,1781,1878,3659
430710 Herval,4461,4026,8487
430957 Herveiras,405,2552,2957
430960 Horizontina,13721,3978,17699
430965 Hulha Negra,2416,2943,5359
430970 Humaitá,2666,2562,5228
430975 Ibarama,956,3498,4454
430980 Ibiaçá,2676,2557,5233
430990 Ibiraiaras,3119,4044,7163
430995 Ibirapuitã,1931,3239,5170
431000 Ibirubá,13521,5112,18633
431010 Igrejinha,25530,1237,26767
431020 Ijuí,67397,11064,78461
431030 Ilópolis,1749,2506,4255
431033 Imbé,11905,337,12242
431036 Imigrante,1235,2615,3850
431040 Independência,3987,3321,7308
431041 Inhacorá,1277,1101,2378
431043 Ipê,2363,3093,5456
431046 Ipiranga do Sul,593,1464,2057
431050 Iraí,5590,3660,9250
431053 Itaara,3315,1263,4578
431055 Itacurubi,1171,2332,3503
431057 Itapuca,445,2246,2691
431060 Itaqui,34823,4947,39770
431070 Itatiba do Sul,1793,3459,5252
431075 Ivorá,698,1797,2495
431080 Ivoti,13785,1533,15318
431085 Jaboticaba,1408,3128,4536
431090 Jacutinga,2134,2114,4248
431100 Jaguarão,27174,2919,30093
431110 Jaguari,6623,5865,12488
431112 Jaquirana,2819,1995,4814
431113 Jari,499,3252,3751
431115 Jóia,1975,6309,8284
431120 Júlio de Castilhos,16400,4016,20416
431127 Lagoa dos Três Cantos,675,952,1627
431130 Lagoa Vermelha,23539,6294,29833
431125 Lagoão,1188,4910,6098
431140 Lajeado,60189,3944,64133
431142 Lajeado do Bugre,435,2028,2463
431150 Lavras do Sul,4828,3281,8109
431160 Liberato Salzano,1066,5508,6574
431162 Lindolfo Collor,3418,996,4414
431164 Linha Nova,362,1202,1564
431171 Maçambará,1150,3885,5035
431170 Machadinho,2780,2948,5728
431173 Mampituba,184,2922,3106
431175 Manoel Viana,5270,1725,6995
431177 Maquiné,1925,5379,7304
431179 Maratá,645,1868,2513
431180 Marau,22853,5508,28361
431190 Marcelino Ramos,3087,3021,6108
431198 Mariana Pimentel,619,3114,3733
431200 Mariano Moro,1070,1404,2474
431205 Marques de Souza,1464,2777,4241
431210 Mata,2526,3049,5575
431213 Mato Castelhano,390,2064,2454
431215 Mato Leitão,1271,1939,3210
431220 Maximiliano de Almeida,2648,3003,5651
431225 Minas do Leão,7008,313,7321
431230 Miraguaí,1786,3248,5034
431235 Montauri,492,1192,1684
431237 Monte Alegre dos Campos,116,2924,3040
431238 Monte Belo do Sul,621,2259,2880
431240 Montenegro,48862,5830,54692
431242 Mormaço,375,2060,2435
431244 Morrinhos do Sul,700,2833,3533
431245 Morro Redondo,2151,3847,5998
431247 Morro Reuter,4156,828,4984
431250 Mostardas,7029,4629,11658
431260 Muçum,3675,1053,4728
431261 Muitos Capões,866,2001,2867
431262 Muliterno,412,1356,1768
431265 Não-Me-Toque,11794,2619,14413
431267 Nicolau Vergueiro,491,1321,1812
431270 Nonoai,8794,4028,12822
431275 Nova Alvorada,791,1966,2757
431280 Nova Araçá,2010,1226,3236
431290 Nova Bassano,3958,3878,7836
431295 Nova Boa Vista,533,1689,2222
431300 Nova Bréscia,1486,3078,4564
431301 Nova Candelária,267,2616,2883
431303 Nova Esperança do Sul,2788,1222,4010
431306 Nova Hartz,12879,2192,15071
431308 Nova Pádua,530,1866,2396
431310 Nova Palma,2664,3648,6312
431320 Nova Petrópolis,12208,4683,16891
431330 Nova Prata,14419,3925,18344
431333 Nova Ramada,-,2723,2723
431335 Nova Roma do Sul,1199,1833,3032
431337 Nova Santa Rita,11550,4200,15750
431349 Novo Barreiro,820,3047,3867
431339 Novo Cabrais,314,3251,3565
431340 Novo Hamburgo,231989,4204,236193
431342 Novo Machado,1496,3222,4718
431344 Novo Tiradentes,564,1848,2412
431350 Osório,30664,5467,36131
431360 Paim Filho,2124,2707,4831
431365 Palmares do Sul,9093,1761,10854
431370 Palmeira das Missões,30825,7367,38192
431380 Palmitinho,2577,4366,6943
431390 Panambi,28291,4319,32610
431395 Pantano Grande,9276,1703,10979
431400 Paraí,2823,3197,6020
431402 Paraíso do Sul,1624,5588,7212
431403 Pareci Novo,642,2600,3242
431405 Parobé,43439,1337,44776
431406 Passa Sete,442,4202,4644
431407 Passo do Sobrado,974,4592,5566
431410 Passo Fundo,163764,4694,168458
431415 Paverama,3634,4110,7744
431420 Pedro Osório,7291,816,8107
431430 Pejuçara,2668,1521,4189
431440 Pelotas,301081,22077,323158
431442 Picada Café,3968,705,4673
431445 Pinhal,977,1526,2503
431447 Pinhal Grande,1506,3219,4725
431449 Pinheirinho do Vale,677,3507,4184
431450 Pinheiro Machado,10201,4393,14594
431455 Pirapó,712,2637,3349
431460 Piratini,9853,9561,19414
431470 Planalto,5757,5545,11302
431475 Poço das Antas,731,1215,1946
431477 Pontão,1080,2824,3904
431478 Ponte Preta,397,1756,2153
431480 Portão,19818,4839,24657
431490 Porto Alegre,1320739,39851,1360590
431500 Porto Lucena,2416,3982,6398
431505 Porto Mauá,924,1878,2802
431507 Porto Vera Cruz,502,1962,2464
431510 Porto Xavier,5569,5621,11190
431513 Pouso Novo,647,1548,2195
431514 Presidente Lucena,974,1095,2069
431515 Progresso,1576,4921,6497
431517 Protásio Alves,369,1743,2112
431520 Putinga,1358,3271,4629
431530 Quaraí,22060,1942,24002
431532 Quevedos,640,2051,2691
431535 Quinze de Novembro,1643,1939,3582
431540 Redentora,2762,6084,8846
431545 Relvado,638,1656,2294
431550 Restinga Sêca,8187,8213,16400
431555 Rio dos Índios,597,4105,4702
431560 Rio Grande,179208,7336,186544
431570 Rio Pardo,26041,11742,37783
431575 Riozinho,2528,1543,4071
431580 Roca Sales,4571,4713,9284
431590 Rodeio Bonito,3899,1852,5751
431600 Rolante,13928,3923,17851
431610 Ronda Alta,4388,5663,10051
431620 Rondinha,2001,4106,6107
431630 Roque Gonzales,2738,5061,7799
431640 Rosário do Sul,36250,4808,41058
431642 Sagrada Família,650,1998,2648
431643 Saldanha Marinho,1892,1303,3195
431645 Salto do Jacuí,9905,3043,12948
431647 Salvador das Missões,850,1815,2665
431650 Salvador do Sul,3192,3721,6913
431660 Sananduva,8990,5754,14744
431710 Sant'Ana do Livramento,84455,6394,90849
431670 Santa Bárbara do Sul,7527,2476,10003
431675 Santa Clara do Sul,1724,3082,4806
431680 Santa Cruz do Sul,93786,13846,107632
431690 Santa Maria,230696,12915,243611
431695 Santa Maria do Herval,4159,1732,5891
431720 Santa Rosa,55950,9066,65016
431725 Santa Tereza,551,1217,1768
431730 Santa Vitória do Palmar,27952,5352,33304
431700 Santana da Boa Vista,3818,4803,8621
431740 Santiago,45084,7054,52138
431750 Santo Ângelo,64900,11845,76745
431760 Santo Antônio da Patrulha,23483,13552,37035
431770 Santo Antônio das Missões,7081,5610,12691
431755 Santo Antônio do Palma,484,1723,2207
431775 Santo Antônio do Planalto,905,1096,2001
431780 Santo Augusto,11044,3382,14426
431790 Santo Cristo,7284,7606,14890
431795 Santo Expedito do Sul,703,1980,2683
431800 São Borja,57273,7596,64869
431805 São Domingos do Sul,1481,1350,2831
431810 São Francisco de Assis,13728,7082,20810
431820 São Francisco de Paula,12269,7456,19725
431830 São Gabriel,53197,9052,62249
431840 São Jerônimo,15611,4672,20283
431842 São João da Urtiga,1743,3186,4929
431843 São João do Polêsine,1061,1684,2745
431844 São Jorge,1188,1687,2875
431845 São José das Missões,683,2317,3000
431846 São José do Herval,730,1800,2530
431848 São José do Hortêncio,2093,1294,3387
431849 São José do Inhacorá,728,1674,2402
431850 São José do Norte,17294,6502,23796
431860 São José do Ouro,4313,2738,7051
431862 São José dos Ausentes,1516,1588,3104
431870 São Leopoldo,192895,652,193547
431880 São Lourenço do Sul,23463,20228,43691
431890 São Luiz Gonzaga,32752,6801,39553
431900 São Marcos,15694,3264,18958
431910 São Martinho,3010,3311,6321
431912 São Martinho da Serra,780,2466,3246
431915 São Miguel das Missões,3088,4594,7682
431920 São Nicolau,4010,2396,6406
431930 São Paulo das Missões,1996,5191,7187
431935 São Pedro da Serra,1201,1642,2843
431937 São Pedro do Butiá,985,1877,2862
431940 São Pedro do Sul,11831,5158,16989
431950 São Sebastião do Caí,15957,3743,19700
431960 São Sepé,18926,5695,24621
431970 São Valentim,1573,2536,4109
431971 São Valentim do Sul,581,1559,2140
431973 São Valério do Sul,461,2164,2625
431975 São Vendelino,1067,615,1682
431980 São Vicente do Sul,5292,3044,8336
431990 Sapiranga,65785,3404,69189
432000 Sapucaia do Sul,121813,938,122751
432010 Sarandi,14262,3900,18162
432020 Seberi,5432,5917,11349
432023 Sede Nova,1440,1768,3208
432026 Segredo,1684,5227,6911
432030 Selbach,2788,2073,4861
432032 Senador Salgado Filho,632,2295,2927
432035 Sentinela do Sul,1183,3709,4892
432040 Serafina Corrêa,8416,2478,10894
432045 Sério,568,2138,2706
432050 Sertão,3697,3769,7466
432055 Sertão Santana,912,4360,5272
432057 Sete de Setembro,386,1971,2357
432060 Severiano de Almeida,1165,2988,4153
432065 Silveira Martins,1044,1527,2571
432067 Sinimbu,1194,9016,10210
432070 Sobradinho,11670,4658,16328
432080 Soledade,23356,6371,29727
432085 Tabaí,1046,2517,3563
432090 Tapejara,11641,3474,15115
432100 Tapera,8616,1948,10564
432110 Tapes,13876,2415,16291
432120 Taquara,43125,9700,52825
432130 Taquari,20792,5095,25887
432132 Taquaruçu do Sul,928,1993,2921
432135 Tavares,2604,2738,5342
432140 Tenente Portela,8520,5823,14343
432143 Terra de Areia,5072,6381,11453
432145 Teutônia,17358,5533,22891
432147 Tiradentes do Sul,1521,5976,7497
432149 Toropi,395,2801,3196
432150 Torres,27556,3324,30880
432160 Tramandaí,29688,1352,31040
432162 Travesseiro,827,1522,2349
432163 Três Arroios,794,2350,3144
432166 Três Cachoeiras,4731,4792,9523
432170 Três Coroas,17067,2363,19430
432180 Três de Maio,17725,6411,24136
432183 Três Forquilhas,267,2972,3239
432185 Três Palmeiras,1720,2900,4620
432190 Três Passos,18144,6512,24656
432195 Trindade do Sul,2141,3781,5922
432200 Triunfo,12887,9279,22166
432210 Tucunduva,3847,2458,6305
432215 Tunas,1310,3000,4310
432218 Tupanci do Sul,459,1269,1728
432220 Tupanciretã,16958,3989,20947
432225 Tupandi,2006,952,2958
432230 Tuparendi,5107,4435,9542
432232 Turuçu,1638,2072,3710
432234 Ubiretama,474,2203,2677
432235 União da Serra,286,1622,1908
432237 Unistalda,829,1815,2644
432240 Uruguaiana,118538,8398,126936
432250 Vacaria,52425,4916,57341
432253 Vale do Sol,720,9838,10558
432254 Vale Real,3696,644,4340
432252 Vale Verde,679,2378,3057
432255 Vanini,844,1043,1887
432260 Venâncio Aires,36193,25041,61234
432270 Vera Cruz,9901,11399,21300
432280 Veranópolis,16020,3446,19466
432285 Vespasiano Corrêa,336,1873,2209
432290 Viadutos,2434,3653,6087
432300 Viamão,211612,15817,227429
432310 Vicente Dutra,2307,3821,6128
432320 Victor Graeff,1366,2558,3924
432330 Vila Flores,1045,2041,3086
432335 Vila Lângaro,230,2047,2277
432340 Vila Maria,1638,2535,4173
432345 Vila Nova do Sul,1866,2397,4263
432350 Vista Alegre,1023,1973,2996
432360 Vista Alegre do Prata,362,1256,1618
432370 Vista Gaúcha,520,2205,2725
432375 Vitória das Missões,592,3387,3979
432380 Xangri-lá,7624,573,8197
500020 Água Clara,6685,4330,11015
500025 Alcinópolis,2308,1371,3679
500060 Amambai,18818,10666,29484
500070 Anastácio,17266,5211,22477
500080 Anaurilândia,4420,3535,7955
500085 Angélica,5692,1664,7356
500090 Antônio João,6297,1111,7408
500100 Aparecida do Taboado,15644,2758,18402
500110 Aquidauana,33816,9624,43440
500124 Aral Moreira,3271,4784,8055
500150 Bandeirantes,4533,1892,6425
500190 Bataguassu,10757,5440,16197
500200 Batayporã,7257,3368,10625
500210 Bela Vista,18023,3741,21764
500215 Bodoquena,5223,3144,8367
500220 Bonito,12928,4028,16956
500230 Brasilândia,7287,4669,11956
500240 Caarapó,14656,6050,20706
500260 Camapuã,10613,5833,16446
500270 Campo Grande,655914,7707,663621
500280 Caracol,2760,1832,4592
500290 Cassilândia,17866,2221,20087
500295 Chapadão do Sul,8820,2838,11658
500310 Corguinho,1489,2103,3592
500315 Coronel Sapucaia,9472,3338,12810
500320 Corumbá,86144,9557,95701
500325 Costa Rica,11483,4005,15488
500330 Coxim,27419,3447,30866
500345 Deodápolis,8436,2914,11350
500348 Dois Irmãos do Buriti,4363,4972,9335
500350 Douradina,2703,2029,4732
500370 Dourados,149928,15021,164949
500375 Eldorado,8318,2741,11059
500380 Fátima do Sul,16280,2831,19111
500400 Glória de Dourados,7208,2827,10035
500410 Guia Lopes da Laguna,9061,2054,11115
500430 Iguatemi,9259,4358,13617
500440 Inocência,4587,3285,7872
500450 Itaporã,11731,5314,17045
500460 Itaquiraí,6281,9489,15770
500470 Ivinhema,15088,6555,21643
500480 Japorã,1205,4935,6140
500490 Jaraguari,1415,3974,5389
500500 Jardim,20953,1589,22542
500510 Jateí,1303,2751,4054
500515 Juti,3365,1616,4981
500520 Ladário,13480,1833,15313
500525 Laguna Carapã,2200,3331,5531
500540 Maracaju,21190,5029,26219
500560 Miranda,12059,10948,23007
500568 Mundo Novo,13612,2057,15669
500570 Naviraí,32662,4000,36662
500580 Nioaque,6081,9005,15086
500600 Nova Alvorada do Sul,6682,3274,9956
500620 Nova Andradina,29882,5499,35381
500625 Novo Horizonte do Sul,2326,4089,6415
500630 Paranaíba,32027,6379,38406
500635 Paranhos,5795,4420,10215
500640 Pedro Gomes,6521,2014,8535
500660 Ponta Porã,54383,6533,60916
500690 Porto Murtinho,8339,4977,13316
500710 Ribas do Rio Pardo,9485,7236,16721
500720 Rio Brilhante,16677,5963,22640
500730 Rio Negro,3739,1693,5432
500740 Rio Verde de Mato Grosso,15416,2722,18138
500750 Rochedo,2497,1861,4358
500755 Santa Rita do Pardo,3239,3401,6640
500769 São Gabriel do Oeste,13631,3190,16821
500780 Selvíria,4540,1545,6085
500770 Sete Quedas,8999,1937,10936
500790 Sidrolândia,15862,7621,23483
500793 Sonora,8074,1469,9543
500795 Tacuru,4380,4337,8717
500797 Taquarussu,2088,1405,3493
500800 Terenos,5682,5980,11662
500830 Três Lagoas,73669,5390,79059
500840 Vicentina,3544,2235,5779
510010 Acorizal,2773,3044,5817
510020 Água Boa,11795,4942,16737
510025 Alta Floresta,37287,9695,46982
510030 Alto Araguaia,9072,2338,11410
510035 Alto Boa Vista,1961,4245,6206
510040 Alto Garças,7247,1088,8335
510050 Alto Paraguai,6522,2083,8605
510060 Alto Taquari,3670,806,4476
510080 Apiacás,4465,2200,6665
510100 Araguaiana,2267,1159,3426
510120 Araguainha,1143,209,1352
510125 Araputanga,10810,2865,13675
510130 Arenápolis,10699,906,11605
510140 Aripuanã,14872,12688,27560
510160 Barão de Melgaço,3636,4046,7682
510170 Barra do Bugres,21142,6318,27460
510180 Barra do Garças,47843,4249,52092
510190 Brasnorte,6260,3555,9815
510250 Cáceres,66457,19400,85857
510260 Campinápolis,5717,6702,12419
510263 Campo Novo do Parecis,14713,2925,17638
510267 Campo Verde,13065,4156,17221
510268 Campos de Júlio,1963,932,2895
510269 Canabrava do Norte,1835,3154,4989
510270 Canarana,11657,3751,15408
510279 Carlinda,3074,9222,12296
510285 Castanheira,3680,4110,7790
510300 Chapada dos Guimarães,9452,6303,15755
510305 Cláudia,7852,2397,10249
510310 Cocalinho,3589,1915,5504
510320 Colíder,19423,8628,28051
510330 Comodoro,8865,6181,15046
510335 Confresa,6209,11632,17841
510337 Cotriguaçu,3707,4767,8474
510340 Cuiabá,476532,6814,483346
510345 Denise,6553,910,7463
510350 Diamantino,14316,4264,18580
510360 Dom Aquino,6402,2016,8418
510370 Feliz Natal,5123,1646,6769
510380 Figueirópolis D'Oeste,1761,2554,4315
510385 Gaúcha do Norte,1467,3138,4605
510390 General Carneiro,2429,1920,4349
510395 Glória D'Oeste,2111,1250,3361
510410 Guarantã do Norte,19365,8835,28200
510420 Guiratinga,11514,1131,12645
510450 Indiavaí,1259,797,2056
510455 Itaúba,4876,3689,8565
510460 Itiquira,3031,6169,9200
510480 Jaciara,20743,3053,23796
510490 Jangada,2762,4372,7134
510500 Jauru,6125,6639,12764
510510 Juara,23087,7661,30748
510515 Juína,30470,7547,38017
510517 Juruena,3745,1703,5448
510520 Juscimeira,7921,4142,12063
510523 Lambari D'Oeste,1772,2918,4690
510525 Lucas do Rio Verde,16145,3171,19316
510530 Luciara,1921,573,2494
510558 Marcelândia,9161,5287,14448
510560 Matupá,8786,2503,11289
510562 Mirassol d'Oeste,18985,4012,22997
510590 Nobres,11960,3023,14983
510600 Nortelândia,6555,691,7246
510610 Nossa Senhora do Livramento,3898,8243,12141
510615 Nova Bandeirantes,1872,5079,6951
510620 Nova Brasilândia,4074,1712,5786
510621 Nova Canaã do Norte,4903,6613,11516
510880 Nova Guarita,1960,3691,5651
510618 Nova Lacerda,1834,2211,4045
510885 Nova Marilândia,1559,795,2354
510890 Nova Maringá,2624,1326,3950
510895 Nova Monte Verde,2197,4630,6827
510622 Nova Mutum,10376,4442,14818
510623 Nova Olímpia,12721,1465,14186
510624 Nova Ubiratã,1635,4019,5654
510625 Nova Xavantina,14506,3326,17832
510627 Novo Horizonte do Norte,1489,2022,3511
510626 Novo Mundo,1909,3088,4997
510628 Novo São Joaquim,4149,5315,9464
510629 Paranaíta,5505,4749,10254
510630 Paranatinga,11081,4261,15342
510637 Pedra Preta,10373,3238,13611
510642 Peixoto de Azevedo,20180,5976,26156
510645 Planalto da Serra,1682,1199,2881
510650 Poconé,22326,8447,30773
510665 Pontal do Araguaia,3090,646,3736
510670 Ponte Branca,1772,315,2087
510675 Pontes e Lacerda,29076,13936,43012
510677 Porto Alegre do Norte,4616,4007,8623
510680 Porto dos Gaúchos,3364,2301,5665
510682 Porto Esperidião,3481,6515,9996
510685 Porto Estrela,2339,2368,4707
510700 Poxoréu,14046,5984,20030
510704 Primavera do Leste,36539,3318,39857
510706 Querência,3920,3354,7274
510715 Reserva do Cabaçal,1557,861,2418
510718 Ribeirão Cascalheira,4781,4085,8866
510719 Ribeirãozinho,1351,629,1980
510720 Rio Branco,3477,1615,5092
510760 Rondonópolis,141838,8389,150227
510770 Rosário Oeste,10871,7884,18755
510775 Salto do Céu,2408,2267,4675
510724 Santa Carmem,2148,1451,3599
510777 Santa Terezinha,3358,2912,6270
510726 Santo Afonso,1483,1615,3098
510780 Santo Antônio do Leverger,5516,9919,15435
510785 São Félix do Araguaia,5916,4771,10687
510729 São José do Povo,1508,1548,3056
510730 São José do Rio Claro,10945,1795,12740
510735 São José do Xingu,3245,2699,5944
510710 São José dos Quatro Marcos,13898,5795,19693
510740 São Pedro da Cipa,2969,526,3495
510787 Sapezal,5493,2373,7866
510790 Sinop,67706,7125,74831
510792 Sorriso,31529,4076,35605
510794 Tabaporã,6214,4628,10842
510795 Tangará da Serra,51495,7345,58840
510800 Tapurah,4198,7363,11561
510805 Terra Nova do Norte,5823,7871,13694
510810 Tesouro,2538,592,3130
510820 Torixoréu,3581,1251,4832
510830 União do Sul,2771,1425,4196
510840 Várzea Grande,211303,3995,215298
510850 Vera,8294,761,9055
510550 Vila Bela da Santíssima Trindade,2787,9878,12665
510860 Vila Rica,10030,5553,15583
520005 Abadia de Goiás,3096,1875,4971
520010 Abadiânia,7206,4246,11452
520013 Acreúna,15883,2418,18301
520015 Adelândia,2039,421,2460
520017 Água Fria de Goiás,1603,2866,4469
520020 Água Limpa,1554,646,2200
520025 Águas Lindas de Goiás,105583,163,105746
520030 Alexânia,15935,4112,20047
520050 Aloândia,1735,393,2128
520055 Alto Horizonte,1620,944,2564
520060 Alto Paraíso de Goiás,4179,2003,6182
520080 Alvorada do Norte,6787,773,7560
520082 Amaralina,1171,1903,3074
520085 Americano do Brasil,4116,817,4933
520090 Amorinópolis,2439,1706,4145
520110 Anápolis,280164,7921,288085
520120 Anhanguera,840,55,895
520130 Anicuns,14729,4025,18754
520140 Aparecida de Goiânia,335547,845,336392
520145 Aparecida do Rio Doce,1807,595,2402
520150 Aporé,2096,1331,3427
520160 Araçu,3504,623,4127
520170 Aragarças,16118,474,16592
520180 Aragoiânia,4262,2162,6424
520215 Araguapaz,4941,2369,7310
520235 Arenópolis,2234,1765,3999
520250 Aruanã,3880,1215,5095
520260 Aurilândia,3079,1156,4235
520280 Avelinópolis,1671,836,2507
520310 Baliza,1077,1193,2270
520320 Barro Alto,3934,2317,6251
520330 Bela Vista de Goiás,12278,6932,19210
520340 Bom Jardim de Goiás,5914,2154,8068
520350 Bom Jesus de Goiás,14746,1511,16257
520355 Bonfinópolis,4908,445,5353
520357 Bonópolis,1131,1467,2598
520360 Brazabrantes,1723,1049,2772
520380 Britânia,4289,990,5279
520390 Buriti Alegre,7371,1347,8718
520393 Buriti de Goiás,1698,961,2659
520396 Buritinópolis,1651,1732,3383
520400 Cabeceiras,4904,1854,6758
520410 Cachoeira Alta,6081,2565,8646
520420 Cachoeira de Goiás,1227,271,1498
520425 Cachoeira Dourada,3940,4585,8525
520430 Caçu,8092,2483,10575
520440 Caiapônia,10819,3854,14673
520450 Caldas Novas,47308,2352,49660
520455 Caldazinha,1194,1665,2859
520460 Campestre de Goiás,1988,1179,3167
520465 Campinaçu,1882,1825,3707
520470 Campinorte,7074,2567,9641
520480 Campo Alegre de Goiás,2871,1657,4528
520490 Campos Belos,14207,2840,17047
520495 Campos Verdes,7214,843,8057
520500 Carmo do Rio Verde,5182,2759,7941
520505 Castelândia,3491,391,3882
520510 Catalão,57606,6741,64347
520520 Caturaí,3117,1213,4330
520530 Cavalcante,3654,5496,9150
520540 Ceres,18123,4086,22209
520545 Cezarina,4385,2129,6514
520547 Chapadão do Céu,2818,960,3778
520549 Cidade Ocidental,34465,5912,40377
520551 Cocalzinho de Goiás,6000,8626,14626
520552 Colinas do Sul,2249,1453,3702
520570 Córrego do Ouro,1609,1364,2973
520580 Corumbá de Goiás,5597,4082,9679
520590 Corumbaíba,4855,1800,6655
520620 Cristalina,27569,6547,34116
520630 Cristianópolis,2371,553,2924
520640 Crixás,11035,3638,14673
520650 Cromínia,2717,943,3660
520660 Cumari,2301,804,3105
520670 Damianópolis,1502,1801,3303
520680 Damolândia,1885,688,2573
520690 Davinópolis,1294,815,2109
520710 Diorama,1442,1056,2498
520830 Divinópolis de Goiás,2993,2179,5172
520725 Doverlândia,5329,3229,8558
520735 Edealina,2466,1337,3803
520740 Edéia,8107,2116,10223
520750 Estrela do Norte,2988,410,3398
520753 Faina,3698,3721,7419
520760 Fazenda Nova,4623,2470,7093
520780 Firminópolis,7639,2270,9909
520790 Flores de Goiás,2225,5289,7514
520800 Formosa,69285,9366,78651
520810 Formoso,4020,1569,5589
520840 Goianápolis,9805,866,10671
520850 Goiandira,4199,768,4967
520860 Goianésia,44912,4248,49160
520870 Goiânia,1085806,7201,1093007
520880 Goianira,18064,655,18719
520890 Goiás,19801,7319,27120
520910 Goiatuba,27806,3324,31130
520915 Gouvelândia,2898,1111,4009
520920 Guapó,9916,3947,13863
520929 Guaraíta,1479,1315,2794
520940 Guarani de Goiás,1708,2970,4678
520945 Guarinos,1325,1519,2844
520960 Heitoraí,2289,1156,3445
520970 Hidrolândia,7836,5250,13086
520980 Hidrolina,3041,1507,4548
520990 Iaciara,7998,3297,11295
520993 Inaciolândia,4058,1181,5239
520995 Indiara,9453,2363,11816
521000 Inhumas,39976,3921,43897
521010 Ipameri,18840,3788,22628
521020 Iporá,28192,3108,31300
521030 Israelândia,2297,707,3004
521040 Itaberaí,21249,6630,27879
521056 Itaguari,3508,877,4385
521060 Itaguaru,4571,1125,5696
521080 Itajá,4149,2423,6572
521090 Itapaci,11950,1981,13931
521100 Itapirapuã,7462,3394,10856
521120 Itapuranga,19905,6835,26740
521130 Itarumã,3033,2413,5446
521140 Itauçu,6157,2120,8277
521150 Itumbiara,77123,4307,81430
521160 Ivolândia,1535,1457,2992
521170 Jandaia,4021,2321,6342
521180 Jaraguá,24673,8611,33284
521190 Jataí,68821,6630,75451
521200 Jaupaci,2513,641,3154
521205 Jesúpolis,1509,614,2123
521210 Joviânia,5978,926,6904
521220 Jussara,15626,4408,20034
521230 Leopoldo de Bulhões,4704,3062,7766
521250 Luziânia,130165,10917,141082
521260 Mairipotaba,1488,915,2403
521270 Mambaí,3017,1821,4838
521280 Mara Rosa,8338,3601,11939
521290 Marzagão,1661,259,1920
521295 Matrinchã,3254,1266,4520
521300 Maurilândia,8437,532,8969
521305 Mimoso de Goiás,1186,1615,2801
521308 Minaçu,28911,4697,33608
521310 Mineiros,34660,4364,39024
521340 Moiporá,1293,730,2023
521350 Monte Alegre de Goiás,2746,4146,6892
521370 Montes Claros de Goiás,4759,3232,7991
521375 Montividiu,5410,2326,7736
521377 Montividiu do Norte,1231,2558,3789
521380 Morrinhos,30929,6061,36990
521385 Morro Agudo de Goiás,1584,905,2489
521390 Mossâmedes,3595,2203,5798
521400 Mozarlândia,9675,1511,11186
521405 Mundo Novo,4829,3280,8109
521410 Mutunópolis,2776,1182,3958
521440 Nazário,5871,760,6631
521450 Nerópolis,17253,1325,18578
521460 Niquelândia,26578,11995,38573
521470 Nova América,1428,757,2185
521480 Nova Aurora,1663,264,1927
521483 Nova Crixás,7048,4013,11061
521486 Nova Glória,5688,3256,8944
521487 Nova Iguaçu de Goiás,1626,1120,2746
521490 Nova Roma,1341,2376,3717
521500 Nova Veneza,5354,1060,6414
521520 Novo Brasil,2571,1610,4181
521523 Novo Gama,73026,1354,74380
521525 Novo Planalto,2925,507,3432
521530 Orizona,6382,6685,13067
521540 Ouro Verde de Goiás,2565,1793,4358
521550 Ouvidor,3384,887,4271
521560 Padre Bernardo,13272,8242,21514
521565 Palestina de Goiás,1820,1487,3307
521570 Palmeiras de Goiás,13500,4322,17822
521580 Palmelo,2200,109,2309
521590 Palminópolis,2257,1304,3561
521600 Panamá,1943,833,2776
521630 Paranaiguara,7229,963,8192
521640 Paraúna,7686,3148,10834
521645 Perolândia,1700,1091,2791
521680 Petrolina de Goiás,6437,3944,10381
521690 Pilar de Goiás,1200,2139,3339
521710 Piracanjuba,16177,7380,23557
521720 Piranhas,10009,2278,12287
521730 Pirenópolis,12475,8770,21245
521740 Pires do Rio,24473,1756,26229
521760 Planaltina,70127,3591,73718
521770 Pontalina,13382,3174,16556
521800 Porangatu,33423,6170,39593
521805 Porteirão,2436,387,2823
521810 Portelândia,2817,879,3696
521830 Posse,18388,7308,25696
521839 Professor Jamil,2177,1226,3403
521850 Quirinópolis,30822,5690,36512
521860 Rialma,9156,1054,10210
521870 Rianápolis,3730,634,4364
521878 Rio Quente,1648,449,2097
521880 Rio Verde,106079,10473,116552
521890 Rubiataba,15206,2881,18087
521900 Sanclerlândia,5765,1765,7530
521910 Santa Bárbara de Goiás,4233,730,4963
521920 Santa Cruz de Goiás,1043,2427,3470
521925 Santa Fé de Goiás,3112,971,4083
521930 Santa Helena de Goiás,32349,2196,34545
521935 Santa Isabel,1255,2337,3592
521940 Santa Rita do Araguaia,4628,459,5087
521945 Santa Rita do Novo Destino,1043,1982,3025
521950 Santa Rosa de Goiás,2297,1251,3548
521960 Santa Tereza de Goiás,3920,777,4697
521970 Santa Terezinha de Goiás,8871,3144,12015
521971 Santo Antônio da Barra,3291,761,4052
521973 Santo Antônio de Goiás,2564,542,3106
521975 Santo Antônio do Descoberto,48398,3499,51897
521980 São Domingos,4434,5202,9636
521990 São Francisco de Goiás,4041,1987,6028
522000 São João d'Aliança,4188,2548,6736
522005 São João da Paraúna,1357,667,2024
522010 São Luís de Montes Belos,22271,4112,26383
522015 São Luiz do Norte,3123,966,4089
522020 São Miguel do Araguaia,18053,4740,22793
522026 São Miguel do Passa Quatro,1501,1980,3481
522028 São Patrício,827,1008,1835
522040 São Simão,13277,275,13552
522045 Senador Canedo,50442,2663,53105
522050 Serranópolis,4095,2352,6447
522060 Silvânia,10353,9986,20339
522068 Simolândia,5199,1020,6219
522070 Sítio d'Abadia,852,1829,2681
522100 Taquaral de Goiás,2367,1220,3587
522108 Teresina de Goiás,1775,810,2585
522119 Terezópolis de Goiás,3616,1467,5083
522130 Três Ranchos,2276,555,2831
522140 Trindade,78199,3258,81457
522145 Trombas,2510,924,3434
522150 Turvânia,3993,1141,5134
522155 Turvelândia,2289,1235,3524
522157 Uirapuru,1405,1638,3043
522160 Uruaçu,30119,3411,33530
522170 Uruana,10919,3019,13938
522180 Urutaí,2213,891,3104
522185 Valparaíso de Goiás,94856,-,94856
522190 Varjão,2219,1300,3519
522200 Vianópolis,7723,3577,11300
522205 Vicentinópolis,4927,1088,6015
522220 Vila Boa,2702,585,3287
522230 Vila Propício,1174,3318,4492
530010 Brasília,1961499,89647,2051146
